コード,銘柄名,市場,始値,高値,安値,終値,出来高,売買代金
1301-T,極洋,東証1部,194.00,195.00,193.00,193.00,124000,24025000
1305-T,ETFTPX,東証,963.00,969.00,958.00,969.00,61900,59648000
1306-T,TOPIX投,東証,968.00,973.00,963.00,973.00,1207050,1168688000
1308-T,上場TPX,東証,944.00,952.00,941.00,952.00,314100,297213000
1309-O,上証50連,大証,32850.00,33000.00,32550.00,32650.00,14909,488216750
1310-T,ETF･コア30,東証,543.00,543.00,543.00,543.00,300,162900
1311-T,TOPIX30,東証,548.00,551.00,544.00,551.00,310,169770
1312-O,RN小型コア,大証,,,,,0,0
1313-T,KODEX200,東証,1580.00,1580.00,1580.00,1580.00,60,94800
1314-T,上場新興,東証,607.00,607.00,603.00,606.00,2900,1756700
1316-T,上場大型,東証,662.00,662.00,659.00,659.00,1520,1006210
1317-T,上場中型,東証,,,,,0,0
1318-T,上場小型,東証,,,,,0,0
1319-T,300投信,東証,165.00,165.00,165.00,165.00,1000,165000
1319-O,300投信,大証,,,,,0,0
1319-S,300投信,札証,,,,,0,0
1319-F,300投信,福証,,,,,0,0
1320-O,ETF225,大証,10460.00,10490.00,10380.00,10490.00,85380,890351900
1321-O,225投信,大証,10510.00,10540.00,10430.00,10540.00,332623,3487279770
1322-T,上場パンタ,東証,4040.00,4050.00,3990.00,4000.00,16360,65590500
1323-O,南ア40,大証,266.00,268.00,264.00,268.00,18000,4761800
1324-O,RTS連動,大証,107.00,108.00,107.00,107.00,39600,4237700
1325-T,ボベスパ,東証,268.00,268.00,266.00,267.00,18700,4998600
1326-T,SPDRゴール,東証,8710.00,8720.00,8680.00,8720.00,3373,29337530
1327-T,EASY商品,東証,3860.00,3860.00,3810.00,3820.00,245,937710
1328-O,金連動,大証,2675.00,2675.00,2660.00,2670.00,34030,90714950
1329-T,iS225,東証,10550.00,10560.00,10470.00,10530.00,600,6305600
1330-T,上場225,東証,10570.00,10590.00,10490.00,10590.00,116730,1230863500
1332-T,日水,東証1部,278.00,279.00,277.00,278.00,470100,130709000
1332-O,日水,大証1部,,,,,0,0
1334-T,マルハニチロHD,東証1部,142.00,143.00,142.00,142.00,397000,56470000
1340-O,印ルピー,大証,200.00,200.00,199.00,200.00,21800,4347700
1341-O,伯レアル,大証,5260.00,5270.00,5260.00,5270.00,120,631600
1342-O,露ルーブル,大証,,,,,0,0
1343-T,REIT-ETF,東証,1026.00,1033.00,1026.00,1033.00,4310,4433090
1344-T,MXSコア30,東証,,,,,0,0
1345-T,上場Jリート,東証,1000.00,1012.00,1000.00,1012.00,6200,6252900
1346-O,MXS225,大証,10470.00,10530.00,10440.00,10530.00,16,167610
1347-T,上場グリチ,東証,3450.00,3460.00,3430.00,3460.00,840,2893200
1348-T,MXSトピクス,東証,961.00,962.00,959.00,962.00,2310,2221700
1349-T,アジア債券,東証,11080.00,11080.00,11020.00,11020.00,63,696140
1352-T,ホウスイ,東証1部,135.00,137.00,135.00,137.00,13000,1768000
1376-J,カネコ種,JQ,966.00,971.00,950.00,970.00,11600,11161000
1377-T,サカタのタネ,東証1部,1398.00,1405.00,1395.00,1400.00,36600,51245100
1378-T,雪国マイタケ,東証2部,441.00,446.00,436.00,437.00,12900,5681200
1379-T,ホクト,東証1部,2120.00,2120.00,2100.00,2110.00,50400,106305500
1380-J,秋川牧園,JQ,,,,,0,0
1381-J,アクシーズ,JQ,,,,,0,0
1382-J,ホーブ,JQ,,,,,0,0
1400-H,ルーデン,HCグロース,6500.00,6680.00,6500.00,6680.00,30,195720
1401-F,エムビーエス,福証Q-Board,65300.00,65300.00,65300.00,65300.00,1,65300
1405-T,サーラ住宅,東証2部,375.00,382.00,371.00,371.00,1100,413400
1407-J,ウエストHD,JQ,968.00,987.00,967.00,984.00,27500,26859400
1408-H,サムシングHD,HCグロース,64100.00,64100.00,64000.00,64000.00,2,128100
1412-T,チャイナボーチ,東証1部外国,26540.00,26880.00,26120.00,26880.00,65,1723150
1414-T,ショーボンド,東証1部,1818.00,1820.00,1795.00,1810.00,157100,283371700
1491-T,中外鉱,東証2部,39.00,40.00,38.00,39.00,83400,3255300
1491-O,中外鉱,大証2部,,,,,0,0
1514-T,住石HD,東証1部,102.00,104.00,101.00,103.00,69800,7158300
1515-T,日鉄鉱,東証1部,455.00,460.00,455.00,458.00,75000,34314000
1518-T,三井松,東証1部,149.00,149.00,147.00,148.00,1110000,164438000
1518-F,三井松,福証,,,,,0,0
1605-T,国際帝石,東証1部,735000.00,738000.00,731000.00,735000.00,2325,1710130000
1610-T,ETF･電機,東証,,,,,0,0
1612-T,ETF･銀行,東証,163.00,163.00,162.00,162.00,4000,650000
1613-T,電機,東証,1282.00,1282.00,1261.00,1261.00,130,166410
1615-T,銀行,東証,171.00,172.00,170.00,171.00,123700,21176900
1617-T,食品,東証,14110.00,14110.00,14110.00,14110.00,5,70550
1618-T,エネ資源,東証,13670.00,13700.00,13640.00,13670.00,161,2199820
1619-T,建設資材,東証,,,,,0,0
1620-T,素材化学,東証,11180.00,11180.00,11160.00,11160.00,6,67040
1621-T,医薬品,東証,11240.00,11240.00,11200.00,11200.00,71,797340
1622-T,自動車,東証,12780.00,12820.00,12780.00,12820.00,2,25600
1623-T,鉄鋼非鉄,東証,22590.00,22740.00,22590.00,22710.00,38,863730
1624-T,機械,東証,16700.00,16750.00,16570.00,16730.00,107,1785840
1625-T,電機精密,東証,10130.00,10140.00,10130.00,10140.00,800,8108160
1626-T,情通サ他,東証,,,,,0,0
1627-T,電力ガス,東証,11300.00,11310.00,11300.00,11310.00,36,406810
1628-T,運輸物流,東証,11120.00,11120.00,11120.00,11120.00,9,100080
1629-T,商社卸売,東証,17400.00,17460.00,17360.00,17460.00,30,522070
1630-T,小売,東証,,,,,0,0
1631-T,銀行・17,東証,10100.00,10100.00,10070.00,10070.00,5,50420
1632-T,金融,東証,,,,,0,0
1633-T,不動産,東証,18060.00,18150.00,17980.00,18150.00,44,794370
1634-T,ダイワ食品,東証,14010.00,14010.00,14010.00,14010.00,1,14010
1635-T,ダイワエネ,東証,,,,,0,0
1636-T,ダイワ建設,東証,,,,,0,0
1637-T,ダイワ素材,東証,,,,,0,0
1638-T,ダイワ医薬,東証,,,,,0,0
1639-T,ダイワ自動,東証,,,,,0,0
1640-T,ダイワ鉄鋼,東証,,,,,0,0
1641-T,ダイワ機械,東証,,,,,0,0
1642-T,ダイワ電機,東証,,,,,0,0
1643-T,ダイワ情報,東証,,,,,0,0
1644-T,ダイワ電力,東証,,,,,0,0
1645-T,ダイワ運輸,東証,11050.00,11050.00,11050.00,11050.00,5,55250
1646-T,ダイワ商社,東証,,,,,0,0
1647-T,ダイワ小売,東証,,,,,0,0
1648-T,ダイワ銀行,東証,,,,,0,0
1649-T,ダイワ金融,東証,9430.00,9430.00,9430.00,9430.00,500,4715000
1650-T,ダイワ不動,東証,,,,,0,0
1661-T,ガス開,東証1部,665.00,665.00,661.00,665.00,77000,51092000
1662-T,石油資源,東証1部,4830.00,4840.00,4800.00,4830.00,38500,185540000
1670-T,MXS三菱,東証,107.00,107.00,107.00,107.00,1600,171200
1671-O,WTI原油,大証,6190.00,6190.00,6140.00,6150.00,13576,83640010
1672-T,金ETF,東証,,,,,0,0
1673-T,銀ETF,東証,1320.00,1320.00,1320.00,1320.00,250,330000
1674-T,プラチナETF,東証,11420.00,11420.00,11360.00,11360.00,30,342000
1675-T,パラジETF,東証,2655.00,2655.00,2655.00,2655.00,100,265500
1676-T,キンゾクETF,東証,,,,,0,0
1701-T,昭和KDE,東証2部,,,,,0,0
1711-T,省電舎,東証マザーズ,189900.00,189900.00,186900.00,186900.00,2,376800
1712-T,ダイセキソリュ,東証1部,172200.00,173300.00,172000.00,172500.00,15,2586800
1716-J,第一カッター,JQ,703.00,703.00,703.00,703.00,200,140600
1717-J,明豊ファシリ,JQ,117.00,117.00,117.00,117.00,100,11700
1718-J,美樹工業,JQ,180.00,180.00,180.00,180.00,1000,180000
1719-T,ハザマ,東証1部,109.00,110.00,108.00,108.00,82500,8951500
1720-T,東急建設,東証1部,286.00,289.00,285.00,289.00,24590,7056950
1721-T,コムシスHD,東証1部,1077.00,1088.00,1075.00,1086.00,513400,555322000
1721-O,コムシスHD,大証1部,,,,,0,0
1722-T,MISAWA,東証1部,384.00,389.00,382.00,389.00,49800,19209400
1722-O,MISAWA,大証1部,,,,,0,0
1723-J,日本電技,JQ,686.00,688.00,686.00,688.00,600,412400
1724-J,シンクレイヤ,JQ,,,,,0,0
1726-T,BRHD,東証2部,,,,,0,0
1728-J,ミサワ中国,JQ,,,,,0,0
1730-J,麻生フオーム,JQ,122.00,122.00,122.00,122.00,1000,122000
1734-S,北弘電社,札証,,,,,0,0
1736-J,オーテック,JQ,,,,,0,0
1737-T,三井エンジ,東証2部,,,,,0,0
1739-H,SEED,HCグロース,,,,,0,0
1742-T,セコムテクノ,東証2部,2490.00,2490.00,2490.00,2490.00,500,1245000
1743-O,コーアツ工業,大証2部,,,,,0,0
1743-F,コーアツ工業,福証,,,,,0,0
1751-J,日立プラサ,JQ,,,,,0,0
1756-J,和興エンジ,JQ,,,,,0,0
1757-O,東邦グロ,大証2部,8.00,9.00,8.00,8.00,922200,7836360
1758-J,太洋基礎,JQ,,,,,0,0
1761-S,ミサワ北海,札証,,,,,0,0
1762-T,高松G,東証1部,1678.00,1689.00,1643.00,1689.00,9700,16202100
1762-O,高松G,大証1部,,,,,0,0
1763-J,北陸ミサワ,JQ,,,,,0,0
1764-T,工藤建設,東証2部,,,,,0,0
1766-T,東建コーポ,東証1部,3390.00,3400.00,3380.00,3380.00,7160,24264800
1767-T,沖ウィンテック,東証2部,,,,,0,0
1768-O,ソネック,大証2部,,,,,0,0
1770-J,藤田エンジ,JQ,,,,,0,0
1771-F,日本乾溜,福証,160.00,160.00,158.00,158.00,2000,318000
1773-T,YTL,東証1部外国,,,,,0,0
1775-T,富士E&C,東証2部,,,,,0,0
1776-T,三住道路,東証2部,89.00,89.00,88.00,88.00,3000,265000
1778-T,古河総設,東証2部,166.00,166.00,166.00,166.00,1000,166000
1780-T,ヤマウラ,東証1部,212.00,212.00,211.00,212.00,1500,317500
1782-J,常磐開発,JQ,133.00,133.00,133.00,133.00,1000,133000
1783-J,ACHL,JQ,52.00,54.00,52.00,53.00,70100,3709000
1787-J,ナカボーテック,JQ,,,,,0,0
1788-J,三東工業,JQ,82.00,85.00,82.00,82.00,10000,835000
1789-J,山加電業,JQ,,,,,0,0
1793-J,大本組,JQ,323.00,323.00,321.00,321.00,4000,1290000
1795-J,マサル,JQ,,,,,0,0
1798-J,守谷商会,JQ,,,,,0,0
1799-J,第一建設,JQ,738.00,738.00,738.00,738.00,2000,1476000
1801-T,大成建,東証1部,211.00,214.00,210.00,212.00,4571000,968512000
1801-O,大成建,大証1部,,,,,0,0
1802-T,大林組,東証1部,423.00,426.00,420.00,425.00,1323000,559899000
1802-O,大林組,大証1部,,,,,0,0
1802-F,大林組,福証,,,,,0,0
1803-T,清水建,東証1部,386.00,388.00,381.00,388.00,1427000,550064000
1803-O,清水建,大証1部,,,,,0,0
1805-T,飛島建,東証1部,39.00,40.00,39.00,40.00,1621500,63477000
1807-J,佐藤渡辺,JQ,117.00,118.00,117.00,117.00,11000,1294000
1808-T,長谷工,東証1部,104.00,105.00,103.00,105.00,10482500,1090571500
1808-O,長谷工,大証1部,,,,,0,0
1810-T,松井建,東証1部,386.00,388.00,383.00,386.00,6000,2310000
1811-O,銭高組,大証1部,,,,,0,0
1812-T,鹿島,東証1部,265.00,267.00,262.00,266.00,2598000,688406000
1812-O,鹿島,大証1部,,,,,0,0
1813-T,不動テトラ,東証1部,81.00,85.00,81.00,85.00,1711200,142558400
1813-O,不動テトラ,大証1部,,,,,0,0
1814-T,大末建,東証1部,47.00,48.00,46.00,46.00,127000,5918000
1814-O,大末建,大証1部,,,,,0,0
1815-T,鉄建,東証1部,94.00,95.00,92.00,95.00,503000,46980000
1816-T,安藤建,東証1部,139.00,140.00,138.00,140.00,33000,4598000
1819-T,太平工,東証1部,295.00,295.00,292.00,295.00,177000,52010000
1820-T,西松建,東証1部,156.00,171.00,156.00,170.00,14604000,2409831000
1821-T,三住建設,東証1部,104.00,108.00,103.00,106.00,539100,56894100
1822-T,大豊建,東証1部,91.00,94.00,90.00,94.00,262000,24200000
1824-T,前田建,東証1部,311.00,312.00,309.00,312.00,139000,43214000
1826-T,佐田建,東証1部,51.00,52.00,50.00,50.00,150000,7551000
1827-T,ナカノフドー,東証1部,182.00,182.00,180.00,180.00,14000,2535000
1827-O,ナカノフドー,大証1部,,,,,0,0
1828-T,田辺工,東証2部,730.00,730.00,730.00,730.00,600,438000
1832-S,北海工,札証,,,,,0,0
1833-T,奥村組,東証1部,387.00,390.00,384.00,390.00,99000,38333000
1833-O,奥村組,大証1部,,,,,0,0
1834-T,大和小田,東証1部,210.00,210.00,210.00,210.00,2000,420000
1835-T,東鉄工,東証1部,652.00,656.00,651.00,656.00,36000,23488000
1840-T,土屋HD,東証2部,90.00,91.00,90.00,91.00,3100,280000
1840-S,土屋HD,札証,,,,,0,0
1841-J,サンユ建,JQ,,,,,0,0
1844-T,大盛工業,東証2部,18.00,19.00,18.00,18.00,15500,284100
1846-T,鈴縫工,東証2部,,,,,0,0
1847-T,イチケン,東証1部,118.00,118.00,118.00,118.00,1000,118000
1848-O,富士P･S,大証2部,,,,,0,0
1848-F,富士P･S,福証,,,,,0,0
1850-O,南海辰村,大証2部,32.00,32.00,32.00,32.00,149000,4768000
1852-T,浅沼組,東証1部,86.00,86.00,85.00,85.00,53000,4530000
1852-O,浅沼組,大証1部,,,,,0,0
1853-O,森組,大証2部,60.00,61.00,60.00,61.00,11000,662000
1860-T,戸田建,東証1部,370.00,376.00,370.00,376.00,168000,62818000
1860-O,戸田建,大証1部,,,,,0,0
1861-T,熊谷組,東証1部,85.00,86.00,84.00,85.00,398000,33832000
1865-T,青木あす,東証1部,472.00,483.00,471.00,481.00,16500,7838000
1866-T,北野建,東証1部,234.00,237.00,233.00,237.00,20000,4701000
1867-T,植木組,東証1部,139.00,140.00,139.00,139.00,8000,1113000
1868-T,三井ホーム,東証1部,596.00,600.00,586.00,595.00,68000,40535000
1870-T,矢作建,東証1部,673.00,674.00,671.00,673.00,17000,11426000
1871-T,PS三菱,東証1部,382.00,382.00,379.00,381.00,14200,5407400
1873-J,東ハウス,JQ,133.00,144.00,132.00,144.00,34000,4715000
1875-O,青木マ,大証2部,223.00,231.00,220.00,231.00,35000,7822000
1878-T,大東建,東証1部,4420.00,4460.00,4410.00,4450.00,130400,578369000
1879-T,新日建,東証1部,165.00,170.00,165.00,169.00,105700,17763700
1881-T,NIPPO,東証1部,830.00,843.00,824.00,843.00,578000,481154000
1881-S,NIPPO,札証,,,,,0,0
1882-T,東亜道,東証1部,185.00,186.00,184.00,185.00,72000,13311000
1883-T,前田道,東証1部,829.00,841.00,826.00,841.00,154000,128655000
1884-T,日道路,東証1部,247.00,247.00,245.00,247.00,43000,10590000
1885-T,東亜建,東証1部,116.00,117.00,114.00,116.00,214000,24673000
1885-S,東亜建,札証,,,,,0,0
1888-T,若築建,東証1部,63.00,63.00,62.00,63.00,383000,24011000
1890-T,東洋建,東証1部,57.00,58.00,56.00,57.00,764000,43550000
1890-O,東洋建,大証1部,,,,,0,0
1893-T,五洋建,東証1部,130.00,131.00,128.00,129.00,569000,73750500
1893-O,五洋建,大証1部,,,,,0,0
1895-T,大成ロテク,東証1部,145.00,148.00,145.00,148.00,25000,3647000
1896-T,大林道,東証1部,197.00,198.00,196.00,197.00,34000,6701000
1897-O,金下建,大証2部,323.00,323.00,322.00,322.00,7000,2255000
1898-T,世紀東,東証1部,58.00,59.00,58.00,59.00,109000,6328000
1899-T,福田組,東証1部,181.00,182.00,180.00,181.00,23000,4163000
1904-J,大成温,JQ,,,,,0,0
1905-J,テノックス,JQ,243.00,243.00,242.00,242.00,7000,1697000
1906-J,細田工,JQ,133.00,134.00,133.00,134.00,3000,401000
1907-T,東北ミサワ,東証1部,246.00,251.00,245.00,250.00,37300,9246400
1911-T,住友林,東証1部,761.00,774.00,760.00,765.00,4900,3740100
1911-O,住友林,大証1部,760.00,769.00,758.00,767.00,181800,138876500
1914-T,日基礎,東証1部,256.00,256.00,239.00,241.00,22000,5450900
1914-O,日基礎,大証1部,,,,,0,0
1916-T,日ビルド,東証1部,68.00,69.00,68.00,69.00,75000,5143000
1919-T,エスバイエル,東証1部,62.00,63.00,62.00,62.00,129000,8031000
1921-T,巴コーポ,東証1部,260.00,262.00,258.00,261.00,16700,4343300
1921-S,巴コーポ,札証,,,,,0,0
1924-T,パナホーム,東証1部,576.00,578.00,567.00,578.00,117000,67037000
1924-O,パナホーム,大証1部,,,,,0,0
1925-T,大和ハウス,東証1部,1006.00,1016.00,1001.00,1009.00,924000,931085000
1925-O,大和ハウス,大証1部,,,,,0,0
1926-T,ライト工,東証1部,250.00,251.00,249.00,249.00,35400,8844000
1928-T,積水ハウス,東証1部,858.00,871.00,856.00,870.00,1666000,1440299000
1928-O,積水ハウス,大証1部,,,,,0,0
1929-T,日特建,東証1部,68.00,70.00,68.00,69.00,137000,9481000
1930-T,北電事,東証1部,,,,,0,0
1931-O,日本電通,大証2部,,,,,0,0
1932-T,コミューチュア,東証1部,686.00,690.00,686.00,690.00,6000,4132000
1932-O,コミューチュア,大証1部,,,,,0,0
1933-O,西シス建,大証2部,,,,,0,0
1933-F,西シス建,福証,,,,,0,0
1934-T,ユアテック,東証1部,592.00,600.00,588.00,598.00,37000,21990000
1935-T,TTK,東証2部,,,,,0,0
1937-T,西電工,東証1部,459.00,459.00,458.00,458.00,4000,1834000
1937-O,西電工,大証1部,,,,,0,0
1937-F,西電工,福証,,,,,0,0
1938-T,日リーテック,東証2部,386.00,387.00,385.00,387.00,20000,7721000
1939-T,四電工,東証1部,498.00,498.00,498.00,498.00,1000,498000
1940-T,ツウケン,東証2部,238.00,238.00,238.00,238.00,1000,238000
1940-S,ツウケン,札証,,,,,0,0
1941-T,中電工,東証1部,1551.00,1553.00,1533.00,1553.00,17900,27648300
1942-T,関電工,東証1部,642.00,647.00,637.00,647.00,270000,173804000
1943-T,大明,東証1部,920.00,920.00,910.00,920.00,20700,18968700
1944-T,きんでん,東証1部,829.00,829.00,829.00,829.00,1000,829000
1944-O,きんでん,大証1部,825.00,832.00,818.00,832.00,229000,188939000
1945-T,東京エネシス,東証1部,772.00,782.00,772.00,779.00,10000,7766000
1946-T,トーエネク,東証1部,590.00,598.00,589.00,595.00,33000,19611000
1948-T,弘電社,東証2部,194.00,194.00,194.00,194.00,1000,194000
1949-T,住電設,東証1部,508.00,517.00,508.00,511.00,22300,11424400
1949-O,住電設,大証1部,,,,,0,0
1950-T,日本電設,東証1部,929.00,938.00,927.00,938.00,67000,62542000
1951-T,協エクシオ,東証1部,921.00,936.00,919.00,933.00,162000,150613400
1952-T,日空調,東証1部,672.00,672.00,666.00,672.00,10200,6826300
1954-T,日工営,東証1部,317.00,317.00,315.00,317.00,49000,15491000
1955-T,東電通,東証1部,179.00,179.00,178.00,178.00,3000,535000
1956-T,日電設,東証1部,309.00,313.00,308.00,312.00,10000,3113000
1959-T,九電工,東証1部,605.00,607.00,604.00,607.00,19000,11501000
1959-F,九電工,福証,,,,,0,0
1960-T,サンテック,東証2部,353.00,356.00,353.00,356.00,2000,709000
1961-T,三機工,東証1部,765.00,769.00,762.00,766.00,111000,85000000
1961-O,三機工,大証1部,,,,,0,0
1963-T,日揮,東証1部,1720.00,1727.00,1709.00,1718.00,1199000,2058898000
1964-T,中外炉,東証1部,288.00,288.00,286.00,288.00,56000,16087000
1964-O,中外炉,大証1部,,,,,0,0
1965-T,テクノ菱和,東証2部,560.00,562.00,559.00,561.00,2100,1177900
1966-O,高田工,大証2部,,,,,0,0
1966-F,高田工,福証,,,,,0,0
1967-T,ヤマト,東証1部,329.00,330.00,329.00,329.00,6000,1975000
1968-T,太平電,東証1部,1095.00,1101.00,1086.00,1095.00,162000,177851000
1968-O,太平電,大証1部,,,,,0,0
1969-T,高砂熱,東証1部,822.00,826.00,816.00,826.00,93000,76395000
1969-O,高砂熱,大証1部,,,,,0,0
1970-T,日立プラ,東証1部,607.00,608.00,607.00,607.00,479000,290938000
1970-O,日立プラ,大証1部,,,,,0,0
1971-T,ビルト工,東証2部,89.00,89.00,87.00,88.00,34000,3002000
1972-T,三晃金,東証1部,346.00,349.00,345.00,349.00,111000,38436000
1972-O,三晃金,大証1部,,,,,0,0
1973-T,NECネSI,東証1部,1254.00,1266.00,1250.00,1261.00,56900,71682500
1975-T,朝日工,東証1部,378.00,387.00,378.00,387.00,7000,2679000
1975-O,朝日工,大証1部,,,,,0,0
1976-O,明星工,大証1部,243.00,243.00,242.00,242.00,11000,2668000
1978-T,アタカ大機,東証1部,248.00,248.00,246.00,246.00,8000,1977000
1978-O,アタカ大機,大証1部,,,,,0,0
1979-T,大気社,東証1部,1261.00,1279.00,1253.00,1278.00,140900,178717700
1980-T,ダイダン,東証1部,,,,,0,0
1980-O,ダイダン,大証1部,545.00,548.00,545.00,548.00,5000,2731000
1981-J,協和日成,JQ,,,,,0,0
1982-T,日比谷,東証1部,825.00,839.00,825.00,839.00,54000,44832500
1983-T,東芝プラ,東証1部,1294.00,1299.00,1281.00,1294.00,105000,135609000
1984-J,三信建,JQ,149.00,149.00,147.00,147.00,4000,593000
1985-J,大和電,JQ,190.00,190.00,190.00,190.00,2000,380000
1986-J,日商インタ,JQ,77.00,79.00,77.00,79.00,16400,1272600
1987-T,ソルコム,東証2部,265.00,265.00,265.00,265.00,1000,265000
1989-O,北電話,大証2部,,,,,0,0
1990-J,東邦建,JQ,,,,,0,0
1992-J,神通機,JQ,,,,,0,0
1994-J,高橋ウォル,JQ,,,,,0,0
1995-J,AS-SZKi,JQ,79.00,80.00,78.00,80.00,35000,2768000
1997-J,暁飯島,JQ,80.00,80.00,80.00,80.00,2000,160000
1999-F,サイタHD,福証,,,,,0,0
2001-T,日本粉,東証1部,457.00,462.00,454.00,462.00,157000,72011000
2001-O,日本粉,大証1部,,,,,0,0
2001-S,日本粉,札証,,,,,0,0
2002-T,日清粉G,東証1部,1143.00,1151.00,1135.00,1151.00,580000,663902500
2002-O,日清粉G,大証1部,,,,,0,0
2003-T,日東富士,東証1部,324.00,324.00,320.00,320.00,2000,644000
2004-T,昭和産,東証1部,296.00,297.00,294.00,296.00,57000,16816000
2004-O,昭和産,大証1部,,,,,0,0
2006-T,東福粉,東証2部,69.00,69.00,69.00,69.00,1000,69000
2006-F,東福粉,福証,,,,,0,0
2008-O,増田粉,大証2部,213.00,213.00,213.00,213.00,1000,213000
2009-T,鳥越粉,東証1部,746.00,749.00,740.00,749.00,4500,3347600
2009-F,鳥越粉,福証,,,,,0,0
2051-T,農産工,東証1部,321.00,322.00,320.00,320.00,62000,19889000
2051-O,農産工,大証1部,,,,,0,0
2052-T,協同飼,東証1部,132.00,132.00,131.00,132.00,66000,8701000
2053-T,中部飼,東証1部,831.00,837.00,825.00,834.00,17000,14152000
2055-O,日和産,大証2部,234.00,234.00,234.00,234.00,2000,468000
2056-T,日配飼,東証1部,124.00,125.00,124.00,124.00,213000,26477000
2058-F,ヒガシマル,福証,,,,,0,0
2059-T,ユニチャペット,東証1部,3130.00,3140.00,3120.00,3130.00,32600,102016000
2107-T,東洋糖,東証1部,137.00,138.00,136.00,138.00,76000,10420000
2108-T,甜菜糖,東証1部,256.00,256.00,254.00,255.00,48000,12241000
2109-T,三井製糖,東証1部,336.00,339.00,335.00,338.00,185000,62415000
2109-O,三井製糖,大証1部,,,,,0,0
2112-T,塩水糖,東証2部,183.00,185.00,181.00,185.00,16000,2914000
2113-J,新光糖,JQ,386.00,399.00,386.00,399.00,6000,2364000
2114-T,フジ日糖,東証2部,292.00,292.00,292.00,292.00,2000,584000
2116-T,日新糖,東証2部,211.00,213.00,211.00,213.00,19000,4042000
2120-T,ネクスト,東証マザーズ,132100.00,133000.00,130000.00,132600.00,278,36559100
2121-T,ミクシィ,東証マザーズ,635000.00,636000.00,625000.00,628000.00,770,485000000
2122-T,Iスペース,東証マザーズ,47950.00,47950.00,47150.00,47700.00,15,711000
2123-T,応用医研,東証マザーズ,1219.00,1220.00,1210.00,1210.00,7500,9098100
2124-J,JACR,JQ,,,,,0,0
2127-T,M&A,東証1部,385000.00,391000.00,383000.00,388000.00,365,141035000
2128-T,ノバレーゼ,東証マザーズ,65300.00,65800.00,64600.00,65800.00,47,3073700
2131-T,アコーディア,東証1部,93700.00,93900.00,91900.00,92400.00,1485,137669100
2132-H,アイレップ,HCグロース,64800.00,65300.00,64500.00,65300.00,15,974400
2133-T,GABA,東証マザーズ,31900.00,32000.00,31100.00,32000.00,11,350500
2134-H,サンキャピタル,HCスタンダード,60000.00,60000.00,57500.00,59100.00,256,14834900
2135-J,VSN,JQ,,,,,0,0
2136-J,ヒップ,JQ,27000.00,28100.00,27000.00,28100.00,13,355990
2137-S,Hヴェラス,札証アンビシャス,21700.00,21700.00,19800.00,20900.00,7,145400
2138-H,クルーズ,HCグロース,52800.00,52800.00,51800.00,52500.00,39,2038000
2140-S,テラネッツ,札証アンビシャス,17800.00,19500.00,17800.00,19500.00,11,200000
2142-T,USJ,東証マザーズ,49150.00,49500.00,49050.00,49050.00,86,4236800
2144-H,やまねM,HCグロース,33700.00,33700.00,33700.00,33700.00,7,235900
2145-J,データリンクス,JQ,61000.00,62000.00,61000.00,62000.00,7,430800
2146-J,UTHD,JQ,54500.00,55000.00,53000.00,54800.00,624,33760300
2147-J,フジスタッフH,JQ,11500.00,11500.00,11390.00,11390.00,21,239460
2148-T,ITM,東証マザーズ,32400.00,32850.00,32400.00,32850.00,21,685100
2150-T,ケアネット,東証マザーズ,64600.00,66100.00,64600.00,66100.00,14,910400
2151-T,タケエイ,東証マザーズ,1325.00,1325.00,1250.00,1310.00,7000,8895500
2152-H,幼児活動,HCグロース,1850.00,1860.00,1850.00,1860.00,400,743000
2153-T,イージェイHD,東証2部,10200.00,10200.00,10200.00,10200.00,50,510000
2154-J,トラスト･テック,JQ,102600.00,103800.00,102600.00,103800.00,2,206400
2155-T,カービュー,東証マザーズ,96300.00,96300.00,96300.00,96300.00,2,192600
2156-J,セーラー広告,JQ,170.00,170.00,170.00,170.00,1000,170000
2157-J,コシダカ,JQ,148100.00,149500.00,147500.00,147500.00,11,1627300
2158-T,UBIC,東証マザーズ,2530.00,2595.00,2500.00,2540.00,1070,2706400
2159-T,フルスピード,東証マザーズ,53900.00,54000.00,53500.00,54000.00,308,16563100
2160-T,ジーエヌアイ,東証マザーズ,26.00,27.00,26.00,26.00,355000,9294000
2162-J,nms,JQ,32400.00,32450.00,31650.00,31650.00,13,415500
2163-J,アルトナー,JQ,,,,,0,0
2164-H,地域新聞,HCグロース,63500.00,63500.00,61000.00,63500.00,44,2753400
2165-J,メガロス,JQ,1001.00,1005.00,1001.00,1005.00,200,200600
2166-J,MICメディカ,JQ,,,,,0,0
2167-J,ウェブマネー,JQNEO,124000.00,125000.00,123500.00,124100.00,158,19599400
2168-T,パソナ,東証1部,70800.00,70800.00,70800.00,70800.00,510,36108000
2169-H,CDS,HCスタンダード,52200.00,52200.00,51500.00,51500.00,14,726700
2170-T,LINK&M,東証1部,47550.00,47550.00,47550.00,47550.00,20,951000
2172-S,インサイト,札証アンビシャス,,,,,0,0
2173-H,博展,HCグロース,45750.00,46000.00,45600.00,45600.00,8,366750
2174-T,GCA,東証マザーズ,109000.00,109100.00,107000.00,108200.00,137,14825000
2175-T,SMS,東証マザーズ,474000.00,477000.00,474000.00,475000.00,138,65560000
2176-J,イナリサーチ,JQ,86500.00,87000.00,86500.00,87000.00,19,1646000
2177-H,Vリパブリク,HCグロース,935.00,950.00,935.00,950.00,1000,948500
2178-T,トライステージ,東証マザーズ,3030.00,3100.00,2990.00,3100.00,29800,90332500
2179-J,成学社,JQ,76100.00,76100.00,76100.00,76100.00,1,76100
2180-H,サニーサイド,HCグロース,,,,,0,0
2181-T,テンプHD,東証1部,797.00,814.00,797.00,814.00,15400,12389700
2182-H,メディサイエン,HCスタンダード,1330.00,1330.00,1320.00,1320.00,700,927000
2183-T,リニカル,東証マザーズ,998.00,998.00,986.00,995.00,4400,4351900
2185-J,シイエム･シイ,JQ,2450.00,2460.00,2445.00,2445.00,1300,3185500
2186-J,ソーバル,JQ,910.00,915.00,910.00,910.00,1000,913500
2190-H,JCLバイオ,HCスタンダード,945.00,945.00,921.00,921.00,22100,20599300
2191-J,テラ,JQNEO,1581.00,1584.00,1553.00,1559.00,27700,43315000
2193-T,COOK,東証マザーズ,30400.00,30700.00,29200.00,30450.00,36100,1087993000
2201-T,森永菓,東証1部,199.00,199.00,198.00,199.00,84000,16694000
2204-T,中村屋,東証1部,473.00,476.00,472.00,474.00,7000,3317000
2204-O,中村屋,大証1部,,,,,0,0
2206-T,グリコ,東証1部,1015.00,1016.00,1007.00,1013.00,45000,45595000
2206-O,グリコ,大証1部,,,,,0,0
2207-T,名糖産,東証1部,1287.00,1288.00,1283.00,1287.00,5000,6425800
2208-T,ブルボン,東証2部,,,,,0,0
2209-T,井村菓,東証2部,,,,,0,0
2211-T,不二家,東証1部,125.00,125.00,124.00,124.00,108000,13414000
2212-T,山崎パン,東証1部,1241.00,1249.00,1236.00,1246.00,182000,226213000
2212-O,山崎パン,大証1部,,,,,0,0
2215-T,第一パン,東証1部,115.00,115.00,114.00,115.00,11000,1264000
2216-T,カンロ,東証2部,,,,,0,0
2217-T,モロゾフ,東証1部,306.00,306.00,305.00,305.00,4000,1222000
2217-O,モロゾフ,大証1部,,,,,0,0
2218-S,日糧パン,札証,,,,,0,0
2220-T,亀田菓,東証2部,1680.00,1802.00,1680.00,1802.00,29400,50817500
2221-J,岩塚菓,JQ,1899.00,1899.00,1890.00,1890.00,2200,4168900
2222-J,寿スピリッツ,JQ,1260.00,1260.00,1260.00,1260.00,200,252000
2224-J,コモ,JQ,1599.00,1600.00,1595.00,1600.00,800,1279200
2226-J,フレンテ,JQ,2035.00,2060.00,2035.00,2060.00,2600,5309000
2228-J,シベール,JQ,263000.00,266000.00,263000.00,266000.00,6,1583100
2262-T,雪印乳,東証1部,335.00,344.00,331.00,344.00,711500,239367500
2262-S,雪印乳,札証,,,,,0,0
2264-T,森永乳,東証1部,380.00,384.00,379.00,383.00,309000,117951000
2264-O,森永乳,大証1部,,,,,0,0
2266-O,六甲バタ,大証2部,489.00,489.00,489.00,489.00,1000,489000
2267-T,ヤクルト,東証1部,2235.00,2260.00,2220.00,2260.00,153100,343406500
2268-J,サーティワン,JQ,2230.00,2230.00,2230.00,2230.00,1000,2230000
2269-T,明治HD,東証1部,3810.00,3810.00,3760.00,3810.00,34400,130500000
2281-T,プリマハム,東証1部,112.00,113.00,112.00,112.00,113000,12664000
2281-O,プリマハム,大証1部,,,,,0,0
2282-T,日本ハム,東証1部,1130.00,1130.00,1117.00,1123.00,602000,674823000
2282-O,日本ハム,大証1部,,,,,0,0
2284-T,伊藤ハム,東証1部,324.00,326.00,322.00,326.00,355000,115117000
2284-O,伊藤ハム,大証1部,,,,,0,0
2286-T,林兼産,東証1部,126.00,128.00,126.00,128.00,1034000,131585000
2286-O,林兼産,大証1部,,,,,0,0
2286-F,林兼産,福証,,,,,0,0
2288-T,丸大食,東証1部,259.00,262.00,256.00,261.00,121000,31420000
2288-O,丸大食,大証1部,,,,,0,0
2289-J,相模ハム,JQ,68.00,68.00,68.00,68.00,3000,204000
2290-T,米久,東証1部,918.00,920.00,907.00,909.00,31500,28724000
2291-T,福留ハム,東証2部,205.00,205.00,205.00,205.00,1000,205000
2292-T,SFoods,東証1部,845.00,850.00,845.00,850.00,12500,10594000
2292-O,SFoods,大証1部,,,,,0,0
2293-J,滝沢ハム,JQ,,,,,0,0
2294-J,柿安本店,JQ,1133.00,1155.00,1133.00,1155.00,5700,6523200
2300-J,きょくと,JQ,354.00,355.00,351.00,355.00,1000,352900
2301-T,学情,東証1部,320.00,322.00,319.00,322.00,2400,769600
2303-H,ドーン,HCスタンダード,45400.00,45400.00,45400.00,45400.00,10,454000
2304-J,CSSHD,JQ,28110.00,28300.00,28100.00,28300.00,6,169120
2305-T,スタジオアリス,東証1部,945.00,949.00,941.00,948.00,49300,46592800
2306-J,ビック東海,JQ,1293.00,1296.00,1290.00,1290.00,9500,12294800
2307-J,クロスキャット,JQ,,,,,0,0
2309-T,シミック,東証1部,26500.00,26500.00,26470.00,26500.00,2780,73667200
2311-J,エプコ,JQ,,,,,0,0
2315-J,SJI,JQ,19510.00,19590.00,19240.00,19570.00,195,3774590
2317-T,システムプロ,東証1部,45350.00,45800.00,45250.00,45800.00,108,4905850
2318-H,中小投資,HCスタンダード,103.00,103.00,102.00,102.00,3797,388695
2321-H,ソフトフロント,HCグロース,29600.00,31800.00,29520.00,31800.00,510,15970180
2322-T,NECフィール,東証1部,1460.00,1462.00,1438.00,1462.00,38800,56236400
2323-H,fonfun,HCスタンダード,308.00,312.00,307.00,308.00,3700,1144700
2325-T,日本上下,東証2部,104000.00,105700.00,103800.00,105700.00,32,3335700
2326-H,デジアーツ,HCグロース,76900.00,76900.00,75900.00,76500.00,163,12448900
2327-T,NSSOL,東証1部,1642.00,1664.00,1636.00,1648.00,57000,94027500
2329-J,東北新社,JQ,561.00,562.00,559.00,561.00,5700,3198400
2330-J,フォーサイド,JQ,3790.00,3830.00,3780.00,3830.00,709,2696240
2331-T,綜合警備,東証1部,1133.00,1137.00,1130.00,1135.00,103000,116734400
2332-J,クエスト,JQ,740.00,744.00,735.00,744.00,1300,957800
2333-J,ジー･モード,JQ,16600.00,16860.00,16600.00,16800.00,24,403700
2335-T,キューブシス,東証2部,1415.00,1415.00,1415.00,1415.00,800,1132000
2337-H,アセット･マネ,HCスタンダード,11260.00,11340.00,11170.00,11230.00,3791,42602970
2338-T,SSTW,東証マザーズ,29050.00,29500.00,29050.00,29500.00,3,87600
2340-J,極楽湯,JQ,280.00,280.00,279.00,280.00,5900,1649900
2341-J,アルバイトタイ,JQ,75.00,75.00,75.00,75.00,1900,142500
2342-T,トランス,東証マザーズ,19590.00,19850.00,19220.00,19640.00,404,7900110
2344-J,平安レイ,JQ,487.00,487.00,487.00,487.00,100,48700
2345-T,システクアイ,東証マザーズ,,,,,0,0
2349-J,エヌアイデイ,JQ,1240.00,1250.00,1240.00,1250.00,700,870000
2351-T,ASJ,東証マザーズ,26500.00,26750.00,26500.00,26500.00,6,159250
2352-T,エイジア,東証マザーズ,31700.00,31700.00,31700.00,31700.00,1,31700
2353-T,日駐,東証1部,5120.00,5130.00,5090.00,5120.00,2347,11987540
2353-J,日駐,JQ,,,,,0,0
2354-T,安川情報,東証2部,319.00,319.00,310.00,310.00,6500,2031400
2355-T,SBINS,東証マザーズ,12180.00,12200.00,11900.00,12200.00,36,434530
2356-T,TCB,東証マザーズ,62000.00,62000.00,62000.00,62000.00,1,62000
2359-T,コア,東証1部,626.00,630.00,625.00,629.00,1400,878800
2362-H,夢真HD,HCスタンダード,84.00,85.00,82.00,85.00,119000,9959000
2369-T,メディビ,東証マザーズ,9070.00,9470.00,9070.00,9470.00,64,596240
2370-T,MDNT,東証マザーズ,17340.00,17420.00,17100.00,17390.00,697,12038470
2371-T,カカクコム,東証1部,347000.00,358000.00,346000.00,354000.00,4109,1446933000
2372-T,アイロムHD,東証1部,5420.00,5460.00,5380.00,5410.00,670,3636660
2373-H,ケア21,HCグロース,95800.00,95800.00,95300.00,95300.00,10,954700
2374-J,セントケアHD,JQ,45000.00,45000.00,45000.00,45000.00,4,180000
2375-T,スリープロ,東証マザーズ,92200.00,92200.00,92200.00,92200.00,1,92200
2376-H,サイネックス,HCスタンダード,,,,,0,0
2378-T,ルネサンス,東証1部,372.00,372.00,371.00,372.00,1700,631200
2379-T,ディップ,東証マザーズ,28500.00,28500.00,28100.00,28500.00,219,6202750
2384-J,SBSHD,JQ,73600.00,74000.00,72800.00,74000.00,6,441300
2385-T,総医研,東証マザーズ,28990.00,28990.00,27020.00,27500.00,647,17831550
2388-H,ウェッジHD,HCグロース,11240.00,11600.00,11240.00,11600.00,18,206330
2389-J,オプト,JQ,140700.00,140700.00,140000.00,140000.00,6,843100
2391-J,プラネット,JQ,634.00,634.00,609.00,609.00,1000,617100
2392-T,セキュアード,東証1部,112900.00,115400.00,112600.00,115400.00,143,16215500
2393-T,日本ケア,東証マザーズ,61200.00,61200.00,61000.00,61000.00,14,855400
2394-T,JAA,東証2部,96000.00,96900.00,96000.00,96900.00,4,385800
2395-T,新日科学,東証1部,853.00,853.00,853.00,853.00,116700,99545100
2396-J,パソナテック,JQ,84800.00,84800.00,84800.00,84800.00,1,84800
2397-T,DNAチップ,東証マザーズ,60100.00,60200.00,59900.00,59900.00,7,420400
2398-J,ツクイ,JQ,1243.00,1246.00,1240.00,1243.00,1500,1863000
2399-T,綜合HD,東証マザーズ,39500.00,39900.00,39300.00,39900.00,49,1944300
2400-J,メッセージ,JQ,169500.00,169500.00,168000.00,168000.00,117,19767300
2402-T,アマナHD,東証マザーズ,463.00,469.00,463.00,469.00,5600,2602800
2403-T,リンク･ワン,東証マザーズ,21490.00,21900.00,21490.00,21680.00,13,280860
2404-T,鉄人化,東証マザーズ,39500.00,39700.00,39450.00,39700.00,13,514200
2405-T,FUJIKOH,東証マザーズ,3190.00,3190.00,3190.00,3190.00,10,31900
2406-J,アルテHD,JQ,29600.00,29600.00,29000.00,29500.00,73,2138170
2408-J,KG情報,JQ,287.00,287.00,287.00,287.00,100,28700
2409-T,ネクストHD,東証マザーズ,2260.00,2400.00,2260.00,2400.00,266,620450
2410-T,キャリアDC,東証2部,12250.00,12480.00,12250.00,12480.00,4,49690
2411-J,ゲンダイAG,JQ,115100.00,116500.00,115100.00,116500.00,23,2658900
2412-T,ベネ･ワン,東証2部,81300.00,81400.00,80000.00,80800.00,140,11283300
2413-T,エムスリー,東証1部,307000.00,308000.00,305000.00,306000.00,319,97672000
2414-O,塩見HD,大証2部,19.00,19.00,19.00,19.00,6200,117800
2415-J,ヒューマンHD,JQ,42750.00,42750.00,41750.00,41900.00,161,6769400
2416-J,ローソンEM,JQ,155000.00,155100.00,154300.00,154500.00,83,12848800
2417-T,ツヴァイ,東証2部,767.00,775.00,765.00,772.00,1500,1150800
2418-T,ベストB,東証マザーズ,304000.00,304000.00,298100.00,304000.00,33,9948100
2419-J,日本ERI,JQ,119600.00,120000.00,119500.00,120000.00,4,478600
2420-H,CHINTAI,HCスタンダード,28170.00,28190.00,28000.00,28010.00,103,2897410
2423-F,JMテクノ,福証Q-Board,,,,,0,0
2425-H,ケアサービス,HCグロース,70500.00,70500.00,70500.00,70500.00,2,141000
2426-J,P&P,JQ,23100.00,23100.00,22900.00,23100.00,87,2006050
2427-J,アウトソシング,JQ,45350.00,45350.00,44500.00,45000.00,97,4353850
2428-J,ウェルネット,JQ,86000.00,87800.00,86000.00,87200.00,25,2170300
2429-J,ワールドIT,JQ,38700.00,39450.00,37800.00,37800.00,228,8722350
2431-J,日テクシード,JQ,,,,,0,0
2432-T,DENA,東証1部,305000.00,307000.00,300000.00,300000.00,2963,898884000
2433-T,博報堂DY,東証1部,5100.00,5100.00,5040.00,5070.00,21400,108375000
2434-J,丸誠,JQ,423.00,425.00,423.00,425.00,1300,552300
2435-J,シダー,JQ,300.00,302.00,300.00,302.00,900,271600
2436-J,共同PR,JQ,,,,,0,0
2437-H,シンワアート,HCスタンダード,24500.00,25850.00,24500.00,25850.00,5,126850
2438-T,アスカネット,東証マザーズ,48800.00,48900.00,48500.00,48800.00,76,3704950
2440-T,ぐるなび,東証1部,233800.00,234600.00,233100.00,233800.00,607,141799400
2444-H,セレブリックス,HCグロース,21410.00,22290.00,21410.00,22290.00,13,280970
2445-T,SRGタカミヤ,東証2部,490.00,490.00,488.00,489.00,600,293400
2449-J,プラップJ,JQ,533.00,533.00,522.00,522.00,2300,1211600
2450-T,一休,東証1部,42100.00,42400.00,42000.00,42400.00,459,19342400
2451-T,メディアクリエ,東証マザーズ,96.00,96.00,96.00,96.00,1000,96000
2453-T,JBR,東証1部,45200.00,46800.00,45200.00,46800.00,10,460400
2454-J,オールアバウト,JQ,29300.00,29300.00,29000.00,29000.00,23,671800
2458-J,フルキャストテク,JQ,,,,,0,0
2459-T,アウンコンサル,東証マザーズ,26700.00,26880.00,26110.00,26600.00,65,1726990
2461-J,ファンコミ,JQ,160100.00,160500.00,158000.00,160000.00,343,54577000
2462-T,ジェイコム,東証1部,100100.00,100400.00,99100.00,100400.00,123,12269500
2463-T,シニアC,東証マザーズ,15790.00,16000.00,15700.00,16000.00,9,142140
2464-T,BBT,東証マザーズ,48950.00,49000.00,48950.00,49000.00,31,1517950
2466-T,PGGIH,東証1部,64600.00,65000.00,63700.00,64300.00,887,57082100
2468-T,フュートレック,東証マザーズ,283900.00,283900.00,279000.00,281100.00,19,5327100
2469-J,ヒビノ,JQ,666.00,666.00,666.00,666.00,1000,666000
2471-H,エスプール,HCスタンダード,35800.00,35800.00,35800.00,35800.00,1,35800
2475-T,WDB,東証2部,45300.00,45500.00,45300.00,45500.00,12,544400
2477-T,比較.com,東証マザーズ,50600.00,51000.00,50300.00,51000.00,15,763900
2478-T,MKCM,東証マザーズ,34100.00,34500.00,34100.00,34500.00,20,686400
2479-H,ジェイテック,HCグロース,,,,,0,0
2480-J,シスロケ,JQ,268.00,268.00,268.00,268.00,400,107200
2481-J,タウンニュース,JQ,260.00,260.00,260.00,260.00,300,78000
2483-H,翻訳センター,HCスタンダード,105000.00,105000.00,105000.00,105000.00,1,105000
2484-H,夢の街,HCグロース,69100.00,69500.00,69000.00,69000.00,35,2416700
2487-J,CDG,JQ,,,,,0,0
2488-J,日本サード,JQ,69900.00,69900.00,69900.00,69900.00,1,69900
2489-T,アドウェイズ,東証マザーズ,122100.00,122700.00,121000.00,121400.00,1072,130476800
2490-H,アミタ,HCグロース,1555.00,1555.00,1555.00,1555.00,100,155500
2491-T,Vコマース,東証マザーズ,19860.00,20210.00,19720.00,19850.00,226,4524690
2492-T,インフォマート,東証マザーズ,188300.00,194700.00,188200.00,192000.00,174,33333300
2493-H,イーサポート,HCスタンダード,,,,,0,0
2495-S,SEMP,札証アンビシャス,14750.00,14750.00,14750.00,14750.00,1,14750
2496-J,アルク,JQ,13570.00,13590.00,13320.00,13590.00,7,94790
2497-T,ngi,東証マザーズ,31800.00,31900.00,31400.00,31700.00,337,10669900
2498-J,ACKG,JQ,295.00,300.00,295.00,300.00,200,59500
2499-J,日本和装,JQ,27690.00,27690.00,27680.00,27680.00,10,276840
2501-T,サッポロHD,東証1部,547.00,548.00,537.00,541.00,326000,176510000
2501-S,サッポロHD,札証,,,,,0,0
2502-T,アサヒ,東証1部,1590.00,1602.00,1583.00,1600.00,1248800,1989727300
2502-O,アサヒ,大証1部,,,,,0,0
2503-T,キリンHD,東証1部,1350.00,1364.00,1345.00,1363.00,956000,1296941000
2503-O,キリンHD,大証1部,,,,,0,0
2503-S,キリンHD,札証,,,,,0,0
2503-F,キリンHD,福証,,,,,0,0
2531-T,宝HD,東証1部,645.00,648.00,638.00,646.00,298000,191979000
2531-O,宝HD,大証1部,,,,,0,0
2533-T,オエノンHD,東証1部,213.00,214.00,210.00,214.00,222000,47081000
2533-O,オエノンHD,大証1部,,,,,0,0
2533-S,オエノンHD,札証,,,,,0,0
2536-T,メルシャン,東証1部,238.00,240.00,237.00,239.00,35000,8354000
2536-O,メルシャン,大証1部,,,,,0,0
2538-O,JFLA,大証2部,98.00,98.00,95.00,96.00,121000,11665000
2540-T,養命酒,東証1部,893.00,893.00,892.00,892.00,4000,3570000
2572-T,三国コカ,東証1部,779.00,784.00,776.00,783.00,18100,14133900
2573-T,北海コカ,東証2部,494.00,494.00,494.00,494.00,1000,494000
2573-S,北海コカ,札証,,,,,0,0
2578-T,四国コカ,東証1部,1019.00,1024.00,1007.00,1007.00,11500,11656500
2579-T,コカウエスト,東証1部,1784.00,1795.00,1777.00,1795.00,117200,209477000
2579-O,コカウエスト,大証1部,,,,,0,0
2579-F,コカウエスト,福証,,,,,0,0
2580-T,コカ･コーラCJ,東証1部,1270.00,1281.00,1269.00,1281.00,9800,12496300
2589-J,GOLDPAK,JQ,940.00,944.00,940.00,940.00,300,282400
2590-T,ダイドドリ,東証1部,3100.00,3100.00,3070.00,3100.00,6500,20066000
2593-T,伊藤園,東証1部,1663.00,1690.00,1662.00,1685.00,149600,250292900
25935-T,伊藤園1P,東証1部,975.00,978.00,974.00,975.00,9900,9656400
2594-T,キーコーヒー,東証1部,1587.00,1587.00,1577.00,1587.00,16000,25291100
2597-T,ユニカフェ,東証1部,1010.00,1014.00,1010.00,1013.00,1300,1314500
2599-T,ジャパンF,東証1部,892.00,893.00,885.00,892.00,1400,1246300
2602-T,日清オイリオ,東証1部,491.00,495.00,491.00,495.00,223000,109862000
2602-O,日清オイリオ,大証1部,,,,,0,0
2607-T,不二油,東証1部,1290.00,1298.00,1284.00,1296.00,124600,160947600
2607-O,不二油,大証1部,,,,,0,0
2608-T,ボーソー,東証2部,168.00,168.00,168.00,168.00,16000,2688000
2611-O,攝津油,大証2部,,,,,0,0
2612-J,かどや,JQ,1598.00,1598.00,1598.00,1598.00,100,159800
2613-T,Jオイル,東証1部,330.00,333.00,330.00,333.00,86000,28527000
2613-O,Jオイル,大証1部,,,,,0,0
2651-T,ローソン,東証1部,3990.00,4030.00,3980.00,4030.00,217900,874087000
2651-O,ローソン,大証1部,4000.00,4000.00,4000.00,4000.00,200,800000
2652-T,マンダラケ,東証マザーズ,997.00,997.00,983.00,992.00,600,593600
2653-J,イオン九州,JQ,1258.00,1258.00,1258.00,1258.00,100,125800
2654-O,シンワオックス,大証2部,13.00,14.00,13.00,13.00,412000,5357000
2655-T,MV東北,東証2部,600.00,600.00,599.00,600.00,600,359900
2656-H,ベクター,HCグロース,50000.00,50800.00,50000.00,50800.00,11,554000
2657-T,インターニックス,東証1部,336.00,337.00,336.00,337.00,900,302800
2658-J,ウライ,JQ,,,,,0,0
2659-T,サンエー,東証1部,3860.00,3860.00,3800.00,3840.00,5700,21835000
2660-T,キリン堂,東証1部,547.00,550.00,541.00,547.00,10800,5899000
2660-O,キリン堂,大証2部,,,,,0,0
2662-T,ダイユーエイト,東証1部,630.00,630.00,627.00,627.00,200,125700
2664-T,カワチ薬品,東証1部,2035.00,2035.00,2000.00,2020.00,25400,51218000
2665-T,MKI,東証2部,18220.00,18250.00,18020.00,18190.00,471,8555960
2666-J,オートウェーブ,JQ,580.00,595.00,570.00,595.00,5900,3381600
2667-H,イメージワン,HCスタンダード,19090.00,19100.00,19090.00,19100.00,3,57280
2668-O,タビオ,大証2部,844.00,847.00,844.00,847.00,1400,1183500
2669-J,カネ美食品,JQ,2735.00,2735.00,2720.00,2720.00,600,1633500
2670-T,ABCマート,東証1部,2570.00,2580.00,2560.00,2570.00,51400,132066000
2673-J,STEILAR,JQ,123.00,124.00,121.00,124.00,18000,2209000
2674-T,ハードオフ,東証1部,504.00,506.00,503.00,503.00,8300,4183600
2675-T,ダイナック,東証2部,829.00,829.00,829.00,829.00,100,82900
2676-T,高千穂交,東証1部,1015.00,1016.00,1005.00,1008.00,2400,2423800
2678-T,アスクル,東証1部,1854.00,1890.00,1839.00,1879.00,30200,56172200
2681-T,ゲオ,東証1部,98300.00,98300.00,97200.00,98100.00,1181,115382700
2682-J,ジューテック,JQ,,,,,0,0
2683-T,魚喜,東証2部,180.00,182.00,178.00,182.00,6000,1078000
2684-J,プライム,JQ,15440.00,15450.00,15240.00,15450.00,41,632840
2685-T,ポイント,東証1部,5530.00,5600.00,5520.00,5560.00,74340,413284500
2687-T,シーヴイエス,東証1部,146.00,148.00,146.00,147.00,9000,1321000
2689-T,カワニシHD,東証2部,686.00,693.00,685.00,685.00,600,414200
2690-T,ソフマップ,東証2部,179.00,180.00,178.00,180.00,1600,286700
2692-T,伊藤忠食,東証1部,3230.00,3250.00,3220.00,3230.00,3200,10354000
2693-J,YKT,JQ,137.00,137.00,137.00,137.00,1200,164400
2694-J,Gテイスト,JQ,111.00,112.00,111.00,112.00,35900,3997600
2695-T,くらコーポ,東証1部,230000.00,230000.00,225100.00,229200.00,138,31561800
2696-J,大和フーヅ,JQ,950.00,950.00,950.00,950.00,100,95000
2698-T,キャンドゥ,東証1部,95700.00,95800.00,95600.00,95800.00,25,2392300
2700-J,木徳神糧,JQ,,,,,0,0
2702-J,マクドナルド,JQ,1739.00,1739.00,1735.00,1739.00,81600,141719400
2703-J,日本ライトン,JQ,144.00,145.00,143.00,145.00,3200,461200
2705-J,大戸屋,JQ,972.00,972.00,972.00,972.00,200,194400
2706-J,ブロッコリー,JQ,29.00,30.00,29.00,30.00,11000,326000
2708-J,久世,JQ,,,,,0,0
2710-H,CSロジネット,HCスタンダード,,,,,0,0
2712-H,スターバックス,HCスタンダード,37850.00,38000.00,37800.00,38000.00,125,4736350
2714-J,プラマテルズ,JQ,,,,,0,0
2715-T,高千穂電,東証1部,1060.00,1060.00,1041.00,1050.00,12700,13329100
2718-J,ミドリ薬品,JQ,112000.00,112000.00,112000.00,112000.00,2,224000
2719-T,キタムラ,東証2部,450.00,451.00,450.00,451.00,2700,1216500
2721-J,ジェイホーム,JQ,,,,,0,0
2722-J,アイケイ,JQ,36150.00,36150.00,35300.00,35300.00,18,639800
2724-H,インスパイアー,HCグロース,6620.00,6670.00,6400.00,6540.00,740,4826690
2725-H,ITX,HCスタンダード,39300.00,39300.00,38800.00,38800.00,40,1561700
2726-T,パル,東証1部,1913.00,1930.00,1910.00,1922.00,4000,7684050
2727-J,テンコーポ,JQ,,,,,0,0
2729-T,JALUX,東証1部,1340.00,1340.00,1340.00,1340.00,400,536000
2730-T,エディオン,東証1部,728.00,736.00,721.00,733.00,390200,284641300
2733-J,あらた,JQ,,,,,0,0
2734-T,サーラ,東証1部,535.00,536.00,535.00,535.00,2500,1338000
2735-J,ワッツ,JQ,82000.00,84000.00,82000.00,84000.00,3,249900
2736-J,サダマツ,JQ,86.00,87.00,85.00,87.00,32000,2746000
2737-T,トーメンデバ,東証1部,1685.00,1698.00,1675.00,1698.00,1500,2526800
2738-T,バルス,東証1部,70200.00,70700.00,69500.00,69900.00,594,41605500
2742-J,ハローズ,JQ,671.00,671.00,671.00,671.00,300,201300
2743-J,ハイブリッド,JQ,18000.00,18000.00,17800.00,17800.00,8,143000
2744-J,ウイン･インター,JQ,485.00,485.00,479.00,483.00,2200,1059600
2747-J,北雄ラッキー,JQ,,,,,0,0
2749-J,JPHD,JQ,1700.00,1710.00,1680.00,1700.00,27600,46843000
2750-J,石光商事,JQ,366.00,370.00,365.00,365.00,3100,1132100
2751-J,テンポス,JQ,,,,,0,0
2752-H,フジオフード,HCスタンダード,141000.00,141700.00,140800.00,141700.00,8,1130300
2753-T,あみやき,東証1部,151200.00,151700.00,150800.00,150900.00,31,4686600
2754-J,東葛HD,JQ,,,,,0,0
2757-S,オストJG,札証アンビシャス,,,,,0,0
2759-J,SBR,JQ,5830.00,5890.00,5580.00,5680.00,4865,27838460
2760-T,東エレデバ,東証2部,125000.00,125000.00,122900.00,123100.00,72,8887200
2761-J,トシンG,JQ,1560.00,1565.00,1550.00,1565.00,900,1400600
2762-T,三光フーズ,東証2部,91000.00,91500.00,89500.00,90500.00,289,26232400
2763-J,エフティコミュ,JQ,26750.00,27590.00,26750.00,27500.00,375,10164050
2764-T,ひらまつ,東証2部,67400.00,67400.00,66600.00,67200.00,12,804300
2766-T,日風開,東証マザーズ,380000.00,384000.00,376000.00,382000.00,956,362541000
2767-J,フィールズ,JQ,136000.00,137000.00,135500.00,136200.00,98,13341100
2768-T,双日,東証1部,200.00,203.00,200.00,202.00,5079000,1022312800
2768-O,双日,大証1部,,,,,0,0
2769-J,ヴィレッジV,JQ,351000.00,355000.00,347000.00,355000.00,128,44833000
2772-J,ゲンキー,JQ,79900.00,81400.00,79800.00,81400.00,30,2417500
2773-J,ミューチュアル,JQ,534.00,535.00,533.00,535.00,800,427600
2776-J,クリムゾン,JQ,,,,,0,0
2777-J,カッシーナ,JQ,,,,,0,0
2778-J,パレモ,JQ,285.00,286.00,284.00,284.00,300,85500
2780-T,コメ兵,東証2部,345.00,345.00,342.00,343.00,5500,1893800
2782-J,セリア,JQ,111700.00,112000.00,111100.00,111500.00,6,670000
2784-T,アルフレッサHD,東証1部,4660.00,4690.00,4610.00,4680.00,54000,251841000
2784-O,アルフレッサHD,大証1部,,,,,0,0
2786-J,サッポロDGS,JQ,145000.00,149900.00,141600.00,141600.00,15,2193400
2788-T,アップル,東証マザーズ,20000.00,20280.00,19950.00,20050.00,197,3964780
2789-J,カルラ,JQ,360.00,365.00,360.00,361.00,300,108600
2790-J,ナフコ,JQ,1815.00,1834.00,1812.00,1825.00,3700,6738000
2791-T,大黒天,東証2部,1822.00,1850.00,1822.00,1850.00,6000,11021100
2792-T,ハニーズ,東証1部,713.00,714.00,706.00,707.00,57040,40467330
2795-J,プリメックス,JQ,,,,,0,0
2796-J,ファーマライズ,JQ,178000.00,178000.00,178000.00,178000.00,3,534000
2798-T,Y’S,東証マザーズ,120400.00,120400.00,117500.00,118700.00,14,1661000
2799-J,パイオン,JQ,9980.00,11680.00,9980.00,11450.00,592,6893470
2801-T,キッコーマン,東証1部,1140.00,1149.00,1130.00,1143.00,395000,450247000
2801-O,キッコーマン,大証1部,,,,,0,0
2802-T,味の素,東証1部,935.00,938.00,927.00,938.00,841000,785118000
2802-O,味の素,大証1部,,,,,0,0
2804-T,ブルドック,東証2部,203.00,204.00,203.00,204.00,3000,610000
2805-T,エスビー,東証2部,,,,,0,0
2806-T,ユタカフーズ,東証2部,1365.00,1365.00,1365.00,1365.00,100,136500
2809-T,キユーピー,東証1部,991.00,995.00,989.00,995.00,277500,275069800
2810-T,ハウス食,東証1部,1422.00,1425.00,1413.00,1424.00,86200,122297600
2810-O,ハウス食,大証1部,,,,,0,0
2811-T,カゴメ,東証1部,1710.00,1720.00,1708.00,1720.00,75300,129109900
2812-T,焼津水,東証1部,977.00,1020.00,976.00,1015.00,58700,58610600
2813-J,和弘食,JQ,,,,,0,0
2814-J,佐藤食,JQ,1090.00,1090.00,1085.00,1085.00,600,651500
2815-T,アリアケ,東証1部,1439.00,1439.00,1425.00,1434.00,40400,57805800
2816-T,ダイショー,東証2部,,,,,0,0
2817-J,ギャバン,JQ,,,,,0,0
2818-T,ピエトロ,東証2部,832.00,837.00,832.00,833.00,300,250200
2819-J,エバラ食品,JQ,1300.00,1300.00,1300.00,1300.00,1000,1300000
2830-T,アヲハタ,東証2部,1430.00,1430.00,1430.00,1430.00,100,143000
2831-T,はごろも,東証2部,,,,,0,0
2871-T,ニチレイ,東証1部,360.00,360.00,358.00,360.00,799000,286930000
2871-O,ニチレイ,大証1部,,,,,0,0
2872-T,セイヒョー,東証2部,,,,,0,0
2874-T,ヨコレイ,東証1部,609.00,609.00,605.00,608.00,62000,37606000
2875-T,東洋水産,東証1部,2355.00,2365.00,2340.00,2360.00,176000,414570000
2876-J,JCコムサ,JQ,145.00,145.00,145.00,145.00,1000,145000
2877-J,日東ベスト,JQ,820.00,820.00,820.00,820.00,1000,820000
2891-T,酵母工,東証2部,540.00,545.00,540.00,545.00,7000,3801000
2892-T,日食品,東証2部,570.00,570.00,564.00,565.00,30000,16980000
2893-T,ローマイヤ,東証2部,91.00,95.00,91.00,91.00,33000,3053000
2894-T,石井食,東証2部,,,,,0,0
2897-T,日清食HD,東証1部,3050.00,3050.00,3020.00,3040.00,105400,319936000
2897-O,日清食HD,大証1部,,,,,0,0
2898-T,ソントン食,東証2部,730.00,730.00,730.00,730.00,1000,730000
2899-T,永谷園,東証1部,879.00,879.00,870.00,870.00,5000,4367000
2901-J,石垣食,JQ,,,,,0,0
2903-O,シノブフース,大証2部,217.00,217.00,217.00,217.00,1000,217000
2904-J,一正蒲,JQ,,,,,0,0
2905-J,オーケー食,JQ,100.00,100.00,98.00,98.00,3000,297000
2906-J,ホッコク,JQ,134.00,135.00,134.00,134.00,5000,673000
2907-T,あじかん,東証2部,,,,,0,0
2907-O,あじかん,大証2部,,,,,0,0
2908-T,フジッコ,東証1部,1079.00,1079.00,1074.00,1078.00,8000,8609000
2908-O,フジッコ,大証1部,,,,,0,0
2910-T,ロックフィール,東証1部,1200.00,1200.00,1195.00,1200.00,3600,4313100
2910-O,ロックフィール,大証1部,,,,,0,0
2911-O,旭松食,大証2部,477.00,477.00,477.00,477.00,1000,477000
2912-J,鐘崎,JQ,,,,,0,0
2913-J,フジフーズ,JQ,411.00,411.00,411.00,411.00,1000,411000
2914-T,JT,東証1部,270200.00,272000.00,269000.00,272000.00,14263,3864080800
2914-O,JT,大証1部,,,,,0,0
2914-S,JT,札証,,,,,0,0
2914-F,JT,福証,,,,,0,0
2915-J,ケンコーマヨ,JQ,371.00,371.00,371.00,371.00,1000,371000
2916-J,仙波糖化,JQ,,,,,0,0
2917-J,大森屋,JQ,,,,,0,0
2918-T,わらべや,東証1部,1181.00,1188.00,1173.00,1177.00,32100,37876600
2919-F,マルタイ,福証,,,,,0,0
2921-J,フクシマフーズ,JQ,,,,,0,0
2922-T,なとり,東証1部,782.00,783.00,780.00,783.00,1800,1407000
2923-T,サトウ食品,東証2部,,,,,0,0
2924-J,イフジ産業,JQ,315.00,320.00,310.00,320.00,1500,474700
2925-J,ピックルス,JQ,315.00,318.00,315.00,318.00,300,94800
2926-T,篠崎屋,東証マザーズ,8240.00,8260.00,8210.00,8260.00,70,577200
2927-J,アムスライフ,JQ,6970.00,7000.00,6970.00,7000.00,270,1885300
2928-S,健康HD,札証アンビシャス,8100.00,8300.00,7910.00,8120.00,61,485510
2929-T,ファーマフーズ,東証マザーズ,24750.00,24800.00,24500.00,24500.00,7,173050
3001-T,片倉,東証1部,1054.00,1064.00,1040.00,1045.00,10100,10630000
3001-O,片倉,大証1部,,,,,0,0
3002-T,グンゼ,東証1部,428.00,430.00,426.00,430.00,182000,77917000
3002-O,グンゼ,大証1部,,,,,0,0
3003-T,昭栄,東証1部,741.00,747.00,738.00,747.00,59900,44343700
3004-T,神栄,東証1部,155.00,155.00,155.00,155.00,9000,1395000
3004-O,神栄,大証1部,,,,,0,0
3009-T,川島織セル,東証1部,89.00,89.00,88.00,89.00,24000,2124000
3010-T,価値開発,東証2部,29.00,29.00,29.00,29.00,28000,812000
3011-T,バナーズ,東証2部,8.00,9.00,8.00,9.00,2078600,17804300
3020-J,アプライド,JQ,,,,,0,0
3021-T,PCNET,東証マザーズ,39000.00,39250.00,39000.00,39100.00,26,1017400
3022-T,山下医,東証1部,1115.00,1130.00,1113.00,1120.00,2900,3243300
3023-T,ラサ商事,東証1部,350.00,350.00,345.00,350.00,8800,3049000
3024-J,クリエイト,JQ,,,,,0,0
3027-J,レデイ薬局,JQ,161000.00,161000.00,158000.00,158000.00,3,477000
3028-T,アルペン,東証1部,1567.00,1576.00,1563.00,1573.00,56700,88994200
3030-H,ハブ,HCグロース,,,,,0,0
3031-T,ラクーン,東証マザーズ,219600.00,226000.00,219100.00,219100.00,36,7989100
3034-H,クオール,HCスタンダード,80000.00,83000.00,80000.00,83000.00,69,5566100
3035-J,KTK,JQ,295.00,298.00,295.00,298.00,200,59300
3036-T,アルコニックス,東証2部,3330.00,3340.00,3280.00,3300.00,3500,11575000
3037-H,スタイライフ,HCグロース,73800.00,75900.00,73800.00,75900.00,28,2098900
3038-O,神戸物産,大証2部,1400.00,1400.00,1400.00,1400.00,700,980000
3040-J,ソリトン,JQ,599.00,600.00,599.00,600.00,400,239700
3041-T,ビ花壇,東証マザーズ,47300.00,47300.00,47200.00,47200.00,4,188900
3042-H,セキュアヴェイ,HCグロース,,,,,0,0
3043-H,モジュレ,HCグロース,15910.00,15910.00,15500.00,15600.00,7,109410
3045-O,カワサキ,大証2部,1200.00,1200.00,1198.00,1200.00,300,359800
3046-H,ジェイアイエヌ,HCスタンダード,125.00,125.00,125.00,125.00,1000,125000
3047-F,TRUCKONE,福証Q-Board,,,,,0,0
3048-T,ビックカメラ,東証1部,37600.00,37650.00,37150.00,37550.00,3074,115140000
3049-T,エノテカ,東証2部,62600.00,62800.00,61600.00,62100.00,15,932800
3050-T,DJHD,東証1部,620.00,626.00,617.00,626.00,109100,67828100
3050-O,DJHD,大証1部,,,,,0,0
3050-S,DJHD,札証,,,,,0,0
3053-T,ペッパー,東証マザーズ,71300.00,71500.00,71000.00,71400.00,12,855400
3054-J,ハイパー,JQ,104800.00,104900.00,104800.00,104900.00,3,314600
3055-S,ほくたけ,札証,,,,,0,0
3058-J,三洋堂,JQ,1414.00,1414.00,1414.00,1414.00,100,141400
3059-T,ヒラキ,東証2部,477.00,477.00,474.00,474.00,800,380100
3060-T,マガシーク,東証マザーズ,131000.00,131100.00,131000.00,131100.00,4,524200
3062-J,アライドハーツ,JQ,234.00,234.00,232.00,233.00,8000,1866000
3063-T,Jプロ,東証マザーズ,66600.00,67000.00,66400.00,66900.00,12,800800
3064-T,MonotaRO,東証マザーズ,1740.00,1748.00,1720.00,1748.00,5700,9887000
3065-J,ライフフーズ,JQ,154.00,154.00,154.00,154.00,1000,154000
3067-T,東京一番,東証マザーズ,24500.00,25100.00,23900.00,25000.00,15,371000
3068-J,WDI,JQ,350.00,350.00,350.00,350.00,200,70000
3069-H,アスラポート,HCスタンダード,9180.00,9190.00,9070.00,9190.00,23,211040
3070-H,アマガサ,HCグロース,,,,,0,0
3071-T,ストリーム,東証マザーズ,55500.00,55500.00,55500.00,55500.00,1,55500
3073-H,ダイヤD,HCグロース,626000.00,627000.00,620000.00,627000.00,34,21192000
3075-J,銚子丸,JQ,38000.00,38400.00,38000.00,38400.00,30,1147500
3076-T,あいHD,東証1部,331.00,331.00,330.00,331.00,33800,11168300
3077-J,ホリイフード,JQ,820.00,820.00,820.00,820.00,300,246000
3078-T,ユニバース,東証1部,1501.00,1505.00,1475.00,1486.00,15700,23391700
3079-J,DVx,JQ,2260.00,2320.00,2260.00,2320.00,1900,4353500
3080-H,ジェーソン,HCスタンダード,,,,,0,0
3082-H,きちり,HCグロース,,,,,0,0
3083-H,シーズメン,HCスタンダード,67500.00,67500.00,67500.00,67500.00,2,135000
3085-J,ALサービス,JQ,148000.00,148800.00,148000.00,148800.00,2,296800
3086-T,Jフロント,東証1部,503.00,509.00,498.00,506.00,1263000,636274000
3086-O,Jフロント,大証1部,,,,,0,0
3087-T,ドトル日レス,東証1部,1373.00,1375.00,1362.00,1371.00,69200,94818200
3088-T,マツモトキヨシ,東証1部,2325.00,2350.00,2320.00,2330.00,186300,435198000
3089-H,テクノアルファ,HCグロース,221000.00,225000.00,220000.00,220000.00,36,7951400
3090-H,ミネルヴァHD,HCグロース,72800.00,73000.00,72500.00,72500.00,9,655000
3091-J,ブロンコB,JQ,1325.00,1325.00,1325.00,1325.00,200,265000
3092-T,スタートトゥ,東証マザーズ,147000.00,147800.00,144300.00,146500.00,526,76507400
3093-T,トレファク,東証マザーズ,207200.00,207400.00,200300.00,203000.00,78,15858600
3094-J,スーパーV,JQ,1411.00,1411.00,1411.00,1411.00,300,423300
3095-J,大西電気,JQ,1421.00,1421.00,1421.00,1421.00,100,142100
3096-J,オーシャン,JQ,720.00,724.00,719.00,722.00,18700,13488900
3097-J,物語コーポ,JQ,2870.00,2870.00,2860.00,2860.00,200,573000
3098-T,ココカラファイン,東証1部,1889.00,1911.00,1862.00,1900.00,8200,15561200
3099-T,ミツコシイセタン,東証1部,1030.00,1039.00,1024.00,1035.00,1187000,1225741300
3101-T,東洋紡,東証1部,183.00,183.00,180.00,182.00,1102000,199952000
3101-O,東洋紡,大証1部,,,,,0,0
3103-T,ユニチカ,東証1部,92.00,93.00,92.00,93.00,639000,58968000
3103-O,ユニチカ,大証1部,,,,,0,0
3104-T,富士紡HD,東証1部,158.00,162.00,156.00,161.00,1522000,241744000
3104-O,富士紡HD,大証1部,,,,,0,0
3105-T,日清紡HD,東証1部,1105.00,1109.00,1096.00,1104.00,1222000,1346266000
3105-O,日清紡HD,大証1部,,,,,0,0
3105-S,日清紡HD,札証,,,,,0,0
3105-F,日清紡HD,福証,,,,,0,0
3106-T,クラボウ,東証1部,211.00,212.00,208.00,211.00,349000,73281000
3106-O,クラボウ,大証1部,,,,,0,0
3107-T,ダイワボHD,東証1部,453.00,455.00,447.00,451.00,5334000,2403501000
3107-O,ダイワボHD,大証1部,,,,,0,0
3109-T,シキボウ,東証1部,261.00,271.00,259.00,271.00,12000000,3181376000
3109-O,シキボウ,大証1部,260.00,268.00,260.00,268.00,4000,1058000
3110-T,日東紡,東証1部,183.00,184.00,180.00,182.00,568000,103415000
3110-O,日東紡,大証1部,,,,,0,0
3111-T,オーミケンシ,東証2部,106.00,115.00,105.00,114.00,1351000,148497000
3111-O,オーミケンシ,大証2部,,,,,0,0
3113-T,Oak,東証2部,17.00,18.00,17.00,17.00,40000,681000
3114-O,プロジェHD,大証2部,30.00,32.00,30.00,31.00,90000,2781000
3116-T,トヨタ紡織,東証1部,1740.00,1757.00,1733.00,1755.00,424000,740034200
3117-O,興和紡,大証1部,421.00,423.00,420.00,420.00,15000,6322000
3121-O,マーチャント,大証2部,44.00,45.00,43.00,45.00,1477000,65003000
3121-F,マーチャント,福証,,,,,0,0
3123-T,サイボー,東証2部,497.00,497.00,497.00,497.00,600,298200
3125-O,内外綿,大証2部,90.00,91.00,89.00,90.00,43000,3862000
3128-O,テラボウ,大証2部,82.00,82.00,79.00,80.00,23000,1848000
3129-O,ファブリカT,大証2部,143.00,143.00,143.00,143.00,2000,286000
3140-H,イデアインター,HCグロース,,,,,0,0
3141-T,グローウェル,東証2部,1698.00,1698.00,1673.00,1687.00,11800,19909300
3143-J,オーウイル,JQ,522.00,530.00,522.00,529.00,4800,2531100
3146-J,Radish,JQ,720.00,727.00,714.00,717.00,7900,5691500
3147-H,リック,HCスタンダード,199.00,202.00,185.00,200.00,8600,1691800
3148-T,クリエイトSDH,東証1部,2325.00,2330.00,2315.00,2325.00,3000,6966500
3150-J,UBエナジー,JQ,1358.00,1358.00,1356.00,1356.00,200,271400
3151-T,バイタルKSK,東証1部,526.00,536.00,526.00,536.00,15900,8441300
3153-T,八洲電機,東証2部,404.00,404.00,398.00,401.00,25400,10159800
3154-J,協和医科,JQ,2790.00,2850.00,2790.00,2850.00,600,1680000
3201-T,ニッケ,東証1部,720.00,726.00,712.00,718.00,30000,21535000
3201-O,ニッケ,大証1部,,,,,0,0
3202-T,大東紡,東証1部,103.00,104.00,101.00,104.00,360000,36980000
3204-T,トーア紡,東証1部,84.00,85.00,83.00,84.00,520000,43455000
3204-O,トーア紡,大証1部,,,,,0,0
3205-T,ダイドリミ,東証1部,688.00,691.00,687.00,691.00,18200,12542800
3209-O,カネヨウ,大証2部,62.00,63.00,61.00,63.00,96000,6010000
3225-T,東建不販,東証1部,351.00,355.00,348.00,352.00,18400,6495800
3226-T,アコモF,東証,500000.00,508000.00,500000.00,505000.00,78,39350000
3227-T,MID,東証,207200.00,208900.00,207200.00,207800.00,334,69475600
3229-T,日本コマ,東証,167000.00,170800.00,166900.00,170700.00,566,95735500
3230-H,スター･マイカ,HCスタンダード,78500.00,80000.00,77600.00,78000.00,162,12685600
3231-T,野村不HD,東証1部,1636.00,1655.00,1633.00,1653.00,703200,1156109100
3234-T,森ヒルズ,東証,347000.00,353000.00,347000.00,352000.00,194,67924000
3235-F,トラストパーク,福証Q-Board,,,,,0,0
3236-J,プロパスト,JQ,15300.00,15480.00,14790.00,15110.00,26321,394076950
3237-T,イントランス,東証マザーズ,11900.00,12050.00,11700.00,12040.00,16,190620
3238-T,セントラル総,東証2部,175.00,178.00,175.00,178.00,2300,404900
3239-J,総和地所,JQ,1741.00,1770.00,1730.00,1768.00,2343,4075246
3240-T,野村レジ,東証,419000.00,421000.00,419000.00,421000.00,115,48271000
3241-J,ウィル,JQ,,,,,0,0
3242-J,アーバネット,JQ,24900.00,25000.00,24820.00,25000.00,10,248810
3243-F,ダイヨシトラス,福証Q-Board,,,,,0,0
3244-H,サムティ,HCスタンダード,37500.00,37550.00,36900.00,37550.00,18,671600
3245-T,ディア･ライフ,東証マザーズ,18000.00,18100.00,18000.00,18100.00,7,126470
3246-F,コーセーアールイ,福証,,,,,0,0
3248-T,アールエイジ,東証マザーズ,62700.00,62800.00,62200.00,62700.00,15,938600
3249-T,産業ファ,東証,268500.00,269300.00,267500.00,267500.00,57,15299900
3250-J,ADワークス,JQ,29500.00,30050.00,29000.00,30050.00,40,1179400
3251-T,PMO,東証マザーズ,7900.00,8000.00,7900.00,8000.00,15,119540
3254-T,プレサンス,東証2部,181800.00,182000.00,180400.00,180400.00,48,8686800
3258-T,常和HD,東証2部,1531.00,1539.00,1515.00,1520.00,8600,13131400
3259-J,グロ住,JQ,90000.00,90000.00,83700.00,89900.00,36,3125300
3264-J,アスコット,JQ,128.00,131.00,128.00,131.00,23200,3010300
3265-T,ヒューリック,東証1部,664.00,673.00,660.00,665.00,297700,198087300
3266-J,ファンドクリG,JQ,96.00,97.00,94.00,97.00,29600,2809200
3302-T,帝繊維,東証1部,560.00,564.00,554.00,564.00,19000,10611000
3306-T,日本麻,東証2部,40.00,41.00,40.00,41.00,10000,404000
3311-T,アップガレー,東証マザーズ,,,,,0,0
3313-T,ブックオフ,東証1部,1316.00,1348.00,1306.00,1339.00,80100,106576700
3315-T,日本コークス,東証1部,126.00,127.00,125.00,126.00,724000,91355500
3316-J,東日システム,JQ,,,,,0,0
3317-J,フライングG,JQ,,,,,0,0
3318-J,メガネスーパ,JQ,128.00,131.00,128.00,130.00,25900,3354000
3319-T,GDO,東証マザーズ,26190.00,26500.00,26100.00,26500.00,41,1078610
3320-T,クロスプラス,東証2部,1013.00,1013.00,1012.00,1012.00,600,607300
3321-T,ミタチ,東証1部,495.00,495.00,491.00,493.00,500,246700
3322-J,アルファG,JQ,39450.00,39500.00,39450.00,39500.00,4,157950
3323-H,レカムHD,HCスタンダード,3820.00,3900.00,3810.00,3810.00,163,631920
3325-T,ケンコーコム,東証マザーズ,53800.00,53800.00,53300.00,53800.00,46,2473800
3326-J,ランシステム,JQ,,,,,0,0
3328-T,ネットプライス,東証マザーズ,80800.00,81500.00,80500.00,81500.00,58,4685300
3329-J,東和フード,JQ,1950.00,1950.00,1940.00,1940.00,200,389000
3330-T,アガスタ,東証マザーズ,23500.00,23600.00,23420.00,23600.00,34,797440
3331-J,雑貨屋BL,JQ,399.00,402.00,398.00,398.00,3100,1237600
3332-T,JFE商HD,東証1部,385.00,391.00,384.00,390.00,217000,84026000
3332-O,JFE商HD,大証1部,,,,,0,0
3333-T,あさひ,東証1部,3420.00,3450.00,3410.00,3450.00,18200,62492000
3335-J,ADM,JQ,,,,,0,0
3337-T,サークルKS,東証1部,1504.00,1515.00,1496.00,1508.00,89200,134417300
3338-J,九九プラス,JQ,113100.00,113800.00,112800.00,112800.00,32,3619000
3341-T,日本調剤,東証1部,2340.00,2400.00,2340.00,2385.00,7160,16980600
3343-T,チップワン,東証マザーズ,37900.00,37900.00,37900.00,37900.00,5,189500
3344-J,ワンダーCO.,JQ,101000.00,101000.00,100000.00,100100.00,6,601800
3347-T,トラスト,東証マザーズ,7610.00,7700.00,7590.00,7700.00,55,420320
3348-J,ジー･トレ,JQ,4850.00,4850.00,4750.00,4760.00,52,248900
3349-T,コスモス薬品,東証1部,1953.00,1965.00,1950.00,1958.00,27400,53627800
3350-J,D-サウンド,JQ,3650.00,3700.00,3610.00,3700.00,37,135920
3352-J,バッファロー,JQ,63000.00,63800.00,62500.00,63800.00,34,2141600
3353-J,メディ一光,JQ,379000.00,384000.00,375000.00,375000.00,6,2274000
3354-J,チェルト,JQ,1543.00,1546.00,1543.00,1546.00,200,308900
3355-T,クリヤマ,東証2部,202.00,202.00,201.00,201.00,3000,603200
3356-J,テリロジー,JQ,9980.00,10400.00,9920.00,10400.00,32,321150
3358-J,ワイエスフード,JQ,32050.00,32050.00,32050.00,32050.00,1,32050
3359-F,タイセイ,福証Q-Board,,,,,0,0
3360-T,グリーンHS,東証1部,58500.00,58500.00,57800.00,58400.00,323,18778500
3361-J,トーエル,JQ,,,,,0,0
3362-T,チムニー,東証2部,1670.00,1675.00,1667.00,1667.00,1100,1838500
3364-J,ナルミヤインター,JQ,38150.00,38500.00,38150.00,38500.00,3,115150
3367-J,グリーンF,JQ,,,,,0,0
3370-J,フジタコーポ,JQ,,,,,0,0
3371-T,ソフトクリエイト,東証2部,869.00,873.00,865.00,865.00,2200,1913100
3372-T,関門海,東証マザーズ,95000.00,95400.00,94300.00,95400.00,28,2656600
3374-J,内外テック,JQ,,,,,0,0
3375-J,ZOA,JQ,,,,,0,0
3376-H,オンリー,HCスタンダード,49250.00,50300.00,49000.00,50300.00,29,1433700
3377-T,アイケイコーポ,東証2部,27950.00,27950.00,27590.00,27790.00,88,2444490
3381-J,ビズネット,JQ,102.00,102.00,100.00,101.00,40000,4028000
3382-T,7&I-HD,東証1部,2205.00,2235.00,2200.00,2230.00,1519700,3367590000
3385-J,薬王堂,JQ,86500.00,86700.00,85500.00,86700.00,5,431700
3386-J,コスモ･バイオ,JQ,71000.00,74600.00,70300.00,74600.00,182,13481900
3387-T,クリエイトR,東証マザーズ,666.00,688.00,654.00,680.00,5500,3719400
3388-J,明治電機,JQ,450.00,450.00,450.00,450.00,2500,1125000
3390-J,USシステムズ,JQ,5240.00,5350.00,5200.00,5210.00,31,162200
3391-T,ツルハHD,東証1部,3400.00,3490.00,3360.00,3470.00,45300,155319000
3392-T,デリカフーズ,東証2部,,,,,0,0
3393-T,スターティア,東証マザーズ,,,,,0,0
3394-T,NVC,東証マザーズ,70800.00,70800.00,70800.00,70800.00,1,70800
3395-T,サンマルクHD,東証1部,2955.00,2955.00,2940.00,2945.00,12700,37445500
3396-T,フェリシモ,東証1部,1687.00,1700.00,1687.00,1700.00,3300,5593500
3397-T,トリドール,東証1部,205000.00,205800.00,204100.00,204100.00,538,110113400
3398-T,クスリのアオキ,東証2部,977.00,986.00,971.00,986.00,5700,5582100
3399-J,山岡家,JQ,,,,,0,0
3401-T,帝人,東証1部,312.00,313.00,308.00,313.00,2549000,792824000
3401-O,帝人,大証1部,,,,,0,0
3402-T,東レ,東証1部,543.00,547.00,537.00,545.00,3029000,1643489000
3402-O,東レ,大証1部,,,,,0,0
3402-S,東レ,札証,,,,,0,0
3402-F,東レ,福証,,,,,0,0
3404-T,三菱レ,東証1部,314.00,315.00,313.00,315.00,1938000,608702000
3404-O,三菱レ,大証1部,,,,,0,0
3405-T,クラレ,東証1部,1022.00,1026.00,1011.00,1024.00,1020500,1040042500
3405-O,クラレ,大証1部,,,,,0,0
3407-T,旭化成,東証1部,450.00,451.00,445.00,449.00,3953000,1770850000
3407-O,旭化成,大証1部,,,,,0,0
3407-S,旭化成,札証,,,,,0,0
3407-F,旭化成,福証,,,,,0,0
3408-T,サカイオーベ,東証1部,102.00,103.00,102.00,102.00,25000,2559000
3409-O,北日紡,大証2部,66.00,70.00,64.00,70.00,381000,25518000
3411-O,オートリ,大証2部,88.00,88.00,85.00,86.00,44000,3792000
3420-O,ケーエフシー,大証2部,620.00,620.00,620.00,620.00,2000,1240000
3421-T,稲葉製作,東証1部,962.00,964.00,958.00,964.00,4300,4133700
3423-J,エスイー,JQ,,,,,0,0
3424-J,ミヤコ,JQ,,,,,0,0
3426-J,アトムリビン,JQ,,,,,0,0
3429-J,ストロベリー,JQ,61500.00,61500.00,61500.00,61500.00,1,61500
3431-T,宮地エンジ,東証1部,94.00,95.00,93.00,95.00,25000,2344000
3432-T,三協立山,東証1部,103.00,103.00,101.00,103.00,360000,36737000
3433-T,トーカロ,東証1部,1659.00,1673.00,1651.00,1660.00,50300,83581700
3434-T,アルファCo,東証1部,535.00,537.00,534.00,537.00,3000,1605000
3435-J,サンコーテクノ,JQ,,,,,0,0
3436-T,SUMCO,東証1部,1815.00,1818.00,1796.00,1813.00,608800,1101025700
3437-J,特殊電極,JQ,,,,,0,0
3439-J,三ツ知,JQ,621.00,626.00,621.00,626.00,700,436900
3440-F,日創プロ,福証Q-Board,52000.00,52000.00,52000.00,52000.00,1,52000
3441-J,山王,JQ,3350.00,3410.00,3340.00,3340.00,390,1320200
3443-T,川田TECH,東証1部,1550.00,1564.00,1545.00,1560.00,2400,3732100
3443-O,川田TECH,大証1部,,,,,0,0
3501-T,住江織,東証1部,150.00,150.00,149.00,149.00,19000,2849000
3501-O,住江織,大証1部,,,,,0,0
3512-T,日フエルト,東証1部,409.00,411.00,409.00,411.00,1700,697300
3513-T,イチカワ,東証1部,222.00,222.00,222.00,222.00,4000,888000
3514-T,日バイリン,東証1部,588.00,590.00,581.00,588.00,163000,95414000
3515-J,フジコー,JQ,,,,,0,0
3521-T,エコナック,東証1部,53.00,54.00,52.00,54.00,42000,2220000
3521-O,エコナック,大証1部,,,,,0,0
3524-T,日東網,東証1部,137.00,140.00,136.00,140.00,80000,11046000
3524-O,日東網,大証1部,,,,,0,0
3526-T,芦森工,東証1部,162.00,162.00,160.00,160.00,52000,8365000
3526-O,芦森工,大証1部,,,,,0,0
3528-T,グローベルス,東証2部,26.00,26.00,25.00,26.00,28000,718000
3529-T,アツギ,東証1部,132.00,132.00,131.00,132.00,224000,29506000
3529-O,アツギ,大証1部,,,,,0,0
3534-T,NBC,東証2部,1002.00,1005.00,990.00,990.00,18600,18509700
3551-T,ダイニック,東証1部,175.00,179.00,175.00,178.00,25000,4408000
3553-T,共和レザ,東証1部,400.00,400.00,399.00,400.00,5600,2239200
3569-T,セーレン,東証1部,600.00,602.00,593.00,599.00,49500,29640400
3571-T,ソトー,東証2部,1175.00,1189.00,1175.00,1189.00,8200,9719900
3577-T,東海染,東証1部,144.00,150.00,142.00,149.00,378000,55509000
3578-O,倉庫精,大証2部,,,,,0,0
3580-T,小松精,東証1部,378.00,380.00,378.00,379.00,28000,10606000
3583-T,オーベクス,東証2部,115.00,117.00,115.00,117.00,18000,2095000
3587-J,IBダイワ,JQ,7.00,8.00,7.00,8.00,930000,6512000
3591-T,ワコールHD,東証1部,1184.00,1184.00,1179.00,1184.00,154000,181830000
3591-O,ワコールHD,大証1部,,,,,0,0
3593-T,ホギメディ,東証1部,5080.00,5090.00,5060.00,5070.00,26100,132408000
3594-J,モリシタ,JQ,,,,,0,0
3597-T,自重堂,東証2部,,,,,0,0
3598-O,山喜,大証2部,161.00,162.00,160.00,162.00,2000,321800
3599-J,コーコス信岡,JQ,,,,,0,0
3600-O,フジックス,大証2部,,,,,0,0
3604-T,川本産業,東証2部,630.00,630.00,620.00,628.00,12000,7489000
3604-O,川本産業,大証2部,,,,,0,0
3605-T,サンエー･インタ,東証1部,1347.00,1410.00,1347.00,1374.00,87500,120582900
3606-T,レナウン,東証1部,199.00,199.00,197.00,197.00,60500,12006300
3607-T,クラウディア,東証1部,1511.00,1520.00,1507.00,1520.00,2500,3785300
3607-O,クラウディア,大証1部,,,,,0,0
3620-T,Dハーツ,東証マザーズ,253700.00,255600.00,252000.00,252000.00,48,12166200
3622-T,ネットイヤー,東証マザーズ,19420.00,19500.00,19340.00,19500.00,33,640680
3623-T,ビリングシス,東証マザーズ,127600.00,127600.00,124100.00,126500.00,104,13099000
3624-T,アクセルマーク,東証マザーズ,26510.00,27760.00,26220.00,27760.00,81,2164490
3625-H,テックファーム,HCグロース,40200.00,40200.00,38800.00,40150.00,8,315750
3626-T,ITHD,東証1部,1308.00,1315.00,1301.00,1308.00,403500,527210000
3627-T,Pワークス,東証マザーズ,273900.00,274800.00,270600.00,271500.00,42,11427200
3628-T,データHR,東証マザーズ,4590.00,4620.00,4560.00,4620.00,1200,5505000
3629-T,クロスマーケ,東証マザーズ,410.00,416.00,409.00,416.00,800,329600
3630-T,電算システム,東証2部,688.00,695.00,685.00,695.00,800,550200
3632-T,グリー,東証マザーズ,8170.00,8200.00,8060.00,8110.00,77900,633118000
3633-J,ペパボ,JQ,2400.00,2400.00,2395.00,2400.00,400,959500
3634-T,ソケッツ,東証マザーズ,6950.00,6960.00,6860.00,6860.00,900,6244000
3635-T,コーエーテクモ,東証1部,774.00,777.00,771.00,775.00,33300,25779200
3708-T,特種東海,東証1部,248.00,249.00,247.00,249.00,40000,9914000
3710-H,ジョルダン,HCグロース,764.00,764.00,764.00,764.00,200,152800
3711-J,創通,JQ,2375.00,2375.00,2375.00,2375.00,200,475000
3712-T,情報企画,東証マザーズ,56900.00,57300.00,56500.00,56500.00,56,3186700
3713-T,ネットマークス,東証2部,26800.00,27500.00,26800.00,27500.00,18,491190
3715-T,ドワンゴ,東証1部,164800.00,166000.00,163800.00,165700.00,790,130423500
3719-J,BBH,JQ,98.00,98.00,97.00,98.00,12600,1232300
3722-T,ベリサイン,東証マザーズ,42400.00,43450.00,41800.00,43000.00,773,32899200
3723-T,ファルコム,東証マザーズ,27000.00,27100.00,27000.00,27000.00,7,189100
3724-T,ベリサーブ,東証1部,166600.00,166600.00,165200.00,165200.00,2,331800
3726-T,フェヴリナ,東証マザーズ,3610.00,3640.00,3560.00,3590.00,453,1630890
3727-T,アプリックス,東証マザーズ,67000.00,67600.00,66800.00,67600.00,40,2694800
3730-T,マクロミル,東証1部,131100.00,132000.00,130700.00,131200.00,410,53787900
3731-T,京王ズ,東証マザーズ,29890.00,30300.00,29850.00,29880.00,90,2692840
3732-H,イーウェーヴ,HCグロース,68300.00,68300.00,68300.00,68300.00,1,68300
3733-H,ソフトウェアサー,HCスタンダード,1360.00,1372.00,1350.00,1370.00,2600,3549100
3734-T,MPHD,東証マザーズ,30000.00,30000.00,30000.00,30000.00,1,30000
3735-T,日立システム,東証2部,2150.00,2155.00,2150.00,2150.00,112100,241116500
3736-T,コネクトテクノロ,東証マザーズ,13700.00,13700.00,13700.00,13700.00,703,9631100
3738-T,ティーガイア,東証1部,161700.00,173400.00,160500.00,171500.00,2761,459481100
3741-J,セック,JQ,,,,,0,0
3742-T,デュオシステム,東証マザーズ,7400.00,7400.00,7300.00,7400.00,5,36900
3744-T,サイオス,東証マザーズ,25990.00,26000.00,25990.00,26000.00,10,259940
3745-T,サミーネット,東証マザーズ,298000.00,299000.00,294100.00,299000.00,26,7731600
3747-T,インタトレード,東証マザーズ,26290.00,26400.00,26070.00,26070.00,26,681340
3749-H,SBIベリトラ,HCグロース,65200.00,65400.00,64300.00,64700.00,284,18394900
3750-T,セブンシーズ,東証2部,66.00,67.00,65.00,66.00,108000,7141000
3751-T,日本アG,東証マザーズ,10100.00,10300.00,10060.00,10140.00,74,751030
3752-J,ワイズマン,JQ,46000.00,46000.00,46000.00,46000.00,10,460000
3753-T,フライトシステム,東証マザーズ,30050.00,30050.00,30050.00,30050.00,2,60100
3754-J,エキサイト,JQ,39000.00,40000.00,39000.00,40000.00,2,79000
3756-T,豆蔵,東証マザーズ,49500.00,49500.00,48000.00,48000.00,6,292500
3758-H,アエリア,HCスタンダード,58500.00,58500.00,58000.00,58200.00,22,1282300
3760-H,ケイブ,HCグロース,175000.00,175400.00,173000.00,174900.00,60,10436200
3762-J,テクマトリックス,JQ,46800.00,47200.00,46750.00,46750.00,9,421450
3763-J,プロシップ,JQ,1081.00,1081.00,1070.00,1075.00,600,645700
3765-H,ガンホー,HCグロース,234000.00,234000.00,229100.00,229600.00,85,19635500
3766-J,システムズD,JQ,,,,,0,0
3768-H,リスクモンスター,HCグロース,62500.00,62900.00,62500.00,62500.00,18,1129500
3769-T,GMOPG,東証1部,115200.00,116700.00,115100.00,116700.00,42,4870600
3770-T,ザッパラス,東証1部,178400.00,178700.00,177300.00,178400.00,345,61400400
3771-J,システムリサーチ,JQ,1020.00,1020.00,1020.00,1020.00,100,102000
3772-T,DREAMVSR,東証マザーズ,61000.00,61000.00,61000.00,61000.00,2,122000
3773-T,AMI,東証マザーズ,53200.00,54100.00,52800.00,54100.00,123,6555300
3774-T,IIJ,東証1部,226000.00,227700.00,220200.00,224500.00,678,151604300
3776-H,ブロバンタワ,HCグロース,38000.00,38000.00,37800.00,37800.00,22,834600
3777-H,TLH,HCグロース,12010.00,12330.00,11920.00,11960.00,612,7368290
3778-T,さくら,東証マザーズ,50000.00,50200.00,49600.00,50200.00,7,349300
3779-J,J･エスコムHD,JQ,25.00,26.00,24.00,26.00,124000,3096000
3782-T,DDS,東証マザーズ,22610.00,23400.00,22300.00,23100.00,124,2805320
3783-T,ナノ･メディア,東証マザーズ,31750.00,31750.00,31650.00,31650.00,3,95150
3784-J,ヴィンキュラム,JQ,48400.00,49200.00,48400.00,49200.00,4,194900
3785-T,エイティング,東証マザーズ,50000.00,51000.00,50000.00,51000.00,22,1116800
3786-T,TXBB,東証マザーズ,,,,,0,0
3787-T,テクノマセマティ,東証マザーズ,170000.00,170000.00,162400.00,162400.00,154,25513300
3788-T,GMO-HS,東証マザーズ,88900.00,90000.00,87900.00,89500.00,127,11306500
3789-T,ソネット,東証1部,186800.00,187200.00,185600.00,187200.00,343,63992400
3790-J,日本オフィス,JQ,,,,,0,0
3791-J,IGポート,JQ,50100.00,50700.00,50000.00,50700.00,12,602900
3793-T,ドリコム,東証マザーズ,212000.00,213000.00,206500.00,206500.00,16,3356500
3794-J,NDソフトウェア,JQ,,,,,0,0
3796-T,いい生活,東証マザーズ,45100.00,46700.00,45100.00,45800.00,41,1885200
3798-J,ウルシステムズ,JQ,26690.00,26690.00,26600.00,26600.00,14,372570
3799-T,キーウェア,東証2部,,,,,0,0
3800-J,ビーエスピー,JQ,1214.00,1245.00,1214.00,1240.00,3700,4592800
3802-S,エコミック,札証アンビシャス,,,,,0,0
3803-H,イメージINF,HCグロース,,,,,0,0
3804-H,システムディ,HCスタンダード,,,,,0,0
3807-H,フィスコ,HCグロース,35500.00,35650.00,34800.00,35100.00,108,3802800
3809-H,バリオセキュア,HCグロース,98200.00,98200.00,98200.00,98200.00,41,4026200
3810-T,サイバーS,東証マザーズ,47900.00,47900.00,47900.00,47900.00,1,47900
3811-H,ビットアイル,HCスタンダード,62700.00,63800.00,62700.00,63500.00,77,4855200
3812-T,ゲームオン,東証マザーズ,102900.00,104000.00,102900.00,103000.00,36,3724900
3813-H,ゴメスC,HCグロース,50000.00,50500.00,50000.00,50500.00,3,150500
3814-H,アルファクスFS,HCグロース,,,,,0,0
3815-T,メディ工房,東証マザーズ,47400.00,47400.00,47400.00,47400.00,1,47400
3816-J,大和コン,JQ,,,,,0,0
3817-T,SRAHD,東証1部,815.00,816.00,805.00,816.00,11300,9167600
3818-J,バンクテックJ,JQ,48000.00,48000.00,47700.00,48000.00,11,525900
3820-T,JBIS,東証1部,385.00,395.00,384.00,395.00,7700,2991400
3822-J,JSC,JQ,,,,,0,0
3823-T,アクロディア,東証マザーズ,65200.00,67600.00,65000.00,66300.00,1005,66783500
3824-F,メディア5,福証Q-Board,,,,,0,0
3825-T,REMIX,東証マザーズ,40050.00,40050.00,40000.00,40000.00,3,120050
3826-T,システムインテ,東証マザーズ,75100.00,78000.00,75100.00,78000.00,8,609400
3827-T,Jインベスト,東証マザーズ外国,6760.00,6760.00,6750.00,6750.00,8,54060
3828-T,ニフティ,東証2部,80300.00,80300.00,80200.00,80300.00,10,802800
3831-T,PBITS,東証マザーズ,95000.00,95000.00,95000.00,95000.00,1,95000
3832-H,T&CHD,HCグロース,,,,,0,0
3834-T,朝日ネット,東証1部,283.00,285.00,283.00,285.00,13000,3691000
3835-H,eBASE,HCグロース,,,,,0,0
3836-H,ディーバ,HCグロース,,,,,0,0
3837-J,アドソル,JQ,800.00,800.00,800.00,800.00,200,160000
3838-T,AQI,東証2部,50000.00,50500.00,50000.00,50500.00,17,852000
3839-H,ODK,HCスタンダード,26500.00,26950.00,26500.00,26950.00,13,345730
3840-T,イー･キャッシュ,東証マザーズ,18550.00,18550.00,17000.00,17800.00,680,11845010
3841-J,ジーダット,JQ,,,,,0,0
3842-H,ネクストジェン,HCグロース,73500.00,73500.00,71500.00,71500.00,12,875500
3843-T,フリービット,東証マザーズ,559000.00,560000.00,554000.00,558000.00,369,205350000
3844-J,コムチュア,JQ,,,,,0,0
3845-H,アイフリーク,HCグロース,52500.00,52500.00,50600.00,51500.00,79,4020200
3846-J,エイチアイ,JQ,51500.00,51500.00,51500.00,51500.00,12,618000
3847-J,パシフィックS,JQ,,,,,0,0
3848-J,データアプリ,JQ,58000.00,58000.00,58000.00,58000.00,1,58000
3849-S,NTL,札証アンビシャス,,,,,0,0
3850-T,NTTDIM,東証マザーズ,178400.00,179000.00,178400.00,179000.00,5,893400
3851-J,日本一S,JQ,,,,,0,0
3852-J,サイバーコム,JQ,995.00,995.00,990.00,990.00,400,396600
3853-T,インフォテリア,東証マザーズ,,,,,0,0
3854-H,アイル,HCグロース,400.00,400.00,390.00,390.00,600,237000
3856-T,リアルコム,東証マザーズ,43000.00,45600.00,42800.00,45600.00,64,2803900
3857-J,ラックHD,JQ,248.00,248.00,248.00,248.00,100,24800
3858-J,ユビキタス,JQNEO,40600.00,40600.00,40450.00,40500.00,68,2757150
3859-H,シナジーM,HCグロース,598.00,603.00,593.00,603.00,2800,1671400
3861-T,王子製紙,東証1部,423.00,425.00,420.00,424.00,1167000,493849000
3861-O,王子製紙,大証1部,,,,,0,0
3864-T,三菱紙,東証1部,130.00,131.00,130.00,131.00,305000,39722000
3864-O,三菱紙,大証1部,,,,,0,0
3865-T,北越紙,東証1部,495.00,495.00,488.00,493.00,432500,212455000
3865-O,北越紙,大証1部,,,,,0,0
3877-T,中越パル,東証1部,226.00,227.00,224.00,226.00,45000,10154000
3877-O,中越パル,大証1部,,,,,0,0
3878-T,巴川紙,東証1部,236.00,240.00,236.00,240.00,36000,8540000
3880-T,大王紙,東証1部,887.00,887.00,878.00,885.00,54000,47694000
3882-T,紀州紙,東証1部,95.00,96.00,94.00,94.00,120000,11353000
3882-O,紀州紙,大証1部,,,,,0,0
3891-J,高度紙,JQ,,,,,0,0
3892-J,岡山製紙,JQ,,,,,0,0
3893-T,日本紙,東証1部,2655.00,2660.00,2625.00,2645.00,141000,372077000
3893-O,日本紙,大証1部,,,,,0,0
3895-J,ハビックス,JQ,391.00,391.00,391.00,391.00,1000,391000
3941-T,レンゴー,東証1部,575.00,577.00,570.00,573.00,746000,427095000
3941-O,レンゴー,大証1部,,,,,0,0
3943-F,大石産,福証,,,,,0,0
3944-O,古林紙,大証2部,,,,,0,0
3945-T,スパバック,東証2部,143.00,147.00,143.00,147.00,2000,290000
3946-T,トーモク,東証1部,216.00,216.00,214.00,215.00,14000,3009000
3946-S,トーモク,札証,,,,,0,0
3947-T,ダイナパック,東証2部,,,,,0,0
3948-J,光ビジ,JQ,750.00,750.00,750.00,750.00,1000,750000
3950-T,ザ･パック,東証1部,1396.00,1397.00,1389.00,1391.00,49600,69144000
3950-O,ザ･パック,大証1部,,,,,0,0
3951-T,朝日印刷,東証2部,1290.00,1290.00,1290.00,1290.00,700,903000
3953-J,大村紙業,JQ,,,,,0,0
3954-J,PAXXS,JQ,,,,,0,0
3955-T,イムラ封筒,東証2部,,,,,0,0
3955-O,イムラ封筒,大証2部,,,,,0,0
3956-J,国際チャート,JQ,425.00,433.00,402.00,402.00,2000,833300
4003-T,コープケミ,東証1部,192.00,192.00,190.00,192.00,166000,31658000
4004-T,昭電工,東証1部,199.00,199.00,196.00,197.00,6536000,1290652000
4005-T,住友化,東証1部,447.00,449.00,442.00,449.00,3979000,1776100000
4005-O,住友化,大証1部,,,,,0,0
4007-T,日化成,東証1部,193.00,202.00,190.00,199.00,1036000,205192000
4008-T,住精化,東証1部,407.00,413.00,407.00,407.00,57000,23314000
4008-O,住精化,大証1部,,,,,0,0
4021-T,日産化,東証1部,1371.00,1378.00,1363.00,1371.00,582000,796586000
4022-T,ラサ工,東証1部,123.00,123.00,122.00,123.00,61000,7489000
4023-T,クレハ,東証1部,577.00,580.00,571.00,574.00,541000,310943000
4023-O,クレハ,大証1部,,,,,0,0
4025-O,多木化,大証1部,,,,,0,0
4025-F,多木化,福証,,,,,0,0
4026-O,神島化,大証2部,,,,,0,0
4027-T,テイカ,東証1部,292.00,293.00,286.00,292.00,23000,6682000
4027-O,テイカ,大証1部,,,,,0,0
4028-T,石原産,東証1部,100.00,104.00,99.00,104.00,2167000,220215000
4028-O,石原産,大証1部,,,,,0,0
4031-T,チッカリン,東証1部,334.00,335.00,334.00,335.00,5000,1672000
4033-T,日東エフシー,東証2部,555.00,555.00,553.00,553.00,3000,1663000
4041-T,日曹達,東証1部,466.00,466.00,453.00,456.00,467000,213250000
4042-T,東ソー,東証1部,280.00,282.00,277.00,281.00,5080000,1420517000
4043-T,トクヤマ,東証1部,664.00,676.00,660.00,672.00,5544000,3713333000
4043-O,トクヤマ,大証1部,,,,,0,0
4044-T,セ硝子,東証1部,463.00,464.00,454.00,463.00,1505000,692816000
4044-O,セ硝子,大証1部,,,,,0,0
4045-T,東亜合成,東証1部,308.00,308.00,300.00,304.00,670000,203820000
4045-O,東亜合成,大証1部,,,,,0,0
4045-F,東亜合成,福証,,,,,0,0
4046-T,ダイソー,東証1部,250.00,250.00,250.00,250.00,2000,500000
4046-O,ダイソー,大証1部,251.00,251.00,249.00,251.00,72000,17992000
4047-T,関電化,東証1部,640.00,649.00,637.00,644.00,259000,166371000
4061-T,電化,東証1部,398.00,403.00,393.00,401.00,8577000,3417744000
4062-T,イビデン,東証1部,3240.00,3270.00,3220.00,3260.00,472300,1535092000
4063-T,信越化,東証1部,5290.00,5400.00,5290.00,5380.00,1870800,10023205000
4063-O,信越化,大証1部,,,,,0,0
4064-T,カーバイド,東証1部,112.00,112.00,109.00,111.00,615000,67784000
4064-O,カーバイド,大証1部,,,,,0,0
4078-T,堺化学,東証1部,468.00,468.00,467.00,467.00,3000,1402000
4078-O,堺化学,大証1部,462.00,470.00,457.00,470.00,236000,109198000
4080-J,田中化研,JQ,3120.00,3220.00,3090.00,3200.00,131100,415182000
4082-T,稀元素,東証2部,2615.00,2630.00,2555.00,2620.00,27500,71126000
4088-T,エア･ウォーター,東証1部,1093.00,1095.00,1081.00,1095.00,242000,263681000
4088-O,エア･ウォーター,大証1部,,,,,0,0
4088-S,エア･ウォーター,札証,,,,,0,0
4091-T,大陽日酸,東証1部,962.00,969.00,956.00,969.00,692000,667044000
4092-T,日本化,東証1部,347.00,353.00,331.00,346.00,23975000,8235255000
4093-T,邦アセチレン,東証2部,112.00,112.00,108.00,109.00,73000,8048000
4094-T,日化産,東証2部,634.00,635.00,625.00,635.00,7000,4421000
4095-T,パーカライ,東証1部,1129.00,1138.00,1116.00,1132.00,45000,50797000
4096-T,昭炭酸,東証2部,284.00,284.00,283.00,284.00,11000,3122000
4097-T,高圧ガス,東証1部,568.00,568.00,551.00,563.00,21000,11782000
4097-O,高圧ガス,大証1部,,,,,0,0
4098-T,チタン工,東証1部,279.00,284.00,278.00,283.00,308000,86479000
4099-T,四国化,東証1部,541.00,543.00,538.00,540.00,110000,59429000
4100-T,戸田工,東証1部,781.00,843.00,776.00,832.00,3615000,2939041000
4102-O,丸尾カル,大証2部,,,,,0,0
4105-J,メルテックス,JQ,378.00,378.00,378.00,378.00,1000,378000
4106-J,ケムキャット,JQ,1171.00,1171.00,1150.00,1150.00,7000,8105000
4107-T,伊勢化,東証2部,700.00,715.00,700.00,715.00,26000,18331000
4109-T,ステラケミファ,東証1部,4500.00,4620.00,4420.00,4550.00,79800,362466000
4109-O,ステラケミファ,大証1部,,,,,0,0
4112-T,保土谷,東証1部,267.00,273.00,266.00,273.00,164000,44306000
4113-O,田岡化,大証2部,193.00,193.00,192.00,192.00,2000,385000
4114-T,日触媒,東証1部,881.00,883.00,875.00,883.00,532000,467505000
4114-O,日触媒,大証1部,,,,,0,0
4115-T,本州化,東証2部,,,,,0,0
4116-T,大日精,東証1部,307.00,307.00,303.00,306.00,129000,39406000
4117-T,川崎化,東証2部,129.00,129.00,126.00,126.00,10000,1276000
4118-T,カネカ,東証1部,688.00,689.00,680.00,684.00,710000,486044000
4118-O,カネカ,大証1部,,,,,0,0
4119-T,ピグメント,東証2部,168.00,171.00,166.00,171.00,4000,672000
4120-O,スガイ化,大証2部,174.00,175.00,174.00,175.00,2000,349000
4151-T,協和キリン,東証1部,1154.00,1155.00,1139.00,1148.00,355000,406937000
4182-T,三菱ガス,東証1部,533.00,535.00,525.00,535.00,1190000,632339000
4183-T,三井化学,東証1部,354.00,356.00,352.00,353.00,3747000,1325257000
4185-T,JSR,東証1部,1628.00,1638.00,1622.00,1634.00,958400,1561004300
4185-O,JSR,大証1部,,,,,0,0
4186-T,応化工,東証1部,2220.00,2240.00,2205.00,2230.00,94400,210289000
4187-T,大有機,東証2部,,,,,0,0
4187-O,大有機,大証2部,368.00,368.00,365.00,365.00,300,110000
4188-T,三菱ケミHD,東証1部,428.00,430.00,425.00,429.00,2591500,1108592000
4188-O,三菱ケミHD,大証1部,,,,,0,0
4201-T,日合成,東証1部,643.00,649.00,641.00,647.00,490000,316167000
4201-O,日合成,大証1部,,,,,0,0
4202-T,ダイセル,東証1部,611.00,615.00,603.00,609.00,1232000,750719000
4202-O,ダイセル,大証1部,,,,,0,0
4203-T,住友ベ,東証1部,472.00,476.00,471.00,475.00,547000,258867000
4203-O,住友ベ,大証1部,,,,,0,0
4204-T,積水化,東証1部,584.00,590.00,582.00,589.00,627000,367504000
4204-O,積水化,大証1部,,,,,0,0
4205-T,ゼオン,東証1部,464.00,464.00,458.00,464.00,1194000,551603000
4205-O,ゼオン,大証1部,,,,,0,0
4206-T,アイカ工,東証1部,944.00,952.00,940.00,948.00,112700,106638900
4208-T,宇部興,東証1部,293.00,296.00,291.00,295.00,3699000,1085792000
4208-F,宇部興,福証,,,,,0,0
4212-T,積水樹,東証1部,813.00,815.00,812.00,815.00,18000,14650000
4212-O,積水樹,大証1部,,,,,0,0
4215-T,タキロン,東証1部,273.00,273.00,267.00,268.00,105000,28318000
4215-O,タキロン,大証1部,,,,,0,0
4216-T,旭有機,東証1部,243.00,244.00,242.00,243.00,56000,13583000
4217-T,日立化,東証1部,1918.00,1923.00,1906.00,1914.00,539200,1031552600
4217-O,日立化,大証1部,,,,,0,0
4218-T,ニチバン,東証1部,331.00,332.00,328.00,331.00,21000,6933000
4218-O,ニチバン,大証1部,,,,,0,0
4220-T,リケンテクノス,東証1部,228.00,228.00,226.00,228.00,20000,4543000
4221-T,大倉工,東証1部,250.00,252.00,250.00,252.00,62000,15549000
4222-T,児玉化,東証2部,75.00,76.00,74.00,76.00,66000,4947000
4224-T,ロンシル工,東証2部,145.00,145.00,143.00,145.00,122000,17587000
4228-T,積化成,東証1部,365.00,365.00,359.00,361.00,51000,18471000
4228-O,積化成,大証1部,,,,,0,0
4229-T,群栄化,東証1部,228.00,239.00,226.00,235.00,269000,62286000
4231-T,タイガポリ,東証1部,427.00,439.00,427.00,430.00,1400,606400
4231-O,タイガポリ,大証1部,,,,,0,0
4233-J,プリヴェFG,JQ,22.00,23.00,22.00,23.00,89000,1993000
4234-J,サンエー化研,JQ,500.00,502.00,490.00,500.00,7400,3699800
4235-J,第一化成,JQ,,,,,0,0
4237-J,フジプレアム,JQ,614.00,620.00,611.00,620.00,3200,1971700
4238-J,ミライアル,JQ,2020.00,2020.00,2015.00,2015.00,400,807000
4239-J,ポラテクノ,JQ,49200.00,49450.00,49100.00,49450.00,4,196850
4240-H,クラスターテクノ,HCグロース,13040.00,13500.00,13000.00,13480.00,22,294410
4241-J,アテクト,JQ,460.00,460.00,460.00,460.00,100,46000
4242-J,タカギセイコー,JQ,225.00,225.00,225.00,225.00,1000,225000
4243-J,ニックス,JQ,,,,,0,0
4244-J,東山フイルム,JQ,,,,,0,0
4271-T,日カーリット,東証1部,488.00,495.00,486.00,490.00,12500,6117600
4272-T,日化薬,東証1部,819.00,822.00,810.00,818.00,323000,263784000
4274-J,細谷火,JQ,,,,,0,0
4281-H,DAC,HCスタンダード,32000.00,32000.00,31800.00,32000.00,15,478250
4282-T,EPS,東証1部,374000.00,377000.00,374000.00,375000.00,174,65376000
4283-T,P電工IS,東証1部,2460.00,2480.00,2450.00,2480.00,3000,7408500
4284-J,ソルクシーズ,JQ,405.00,407.00,403.00,407.00,1400,567500
4286-J,レッグス,JQ,56900.00,56900.00,56900.00,56900.00,1,56900
4287-J,ジャストプラ,JQ,57500.00,57500.00,57200.00,57200.00,12,688000
4288-J,アズジェント,JQ,33300.00,34050.00,33300.00,34050.00,3,101050
4289-H,ビジトラ,HCスタンダード,,,,,0,0
4290-H,PSナショナル,HCグロース,160500.00,161800.00,160500.00,161800.00,15,2416800
4291-T,JIEC,東証2部,80000.00,80000.00,80000.00,80000.00,2,160000
4293-J,セプテーニHD,JQ,44950.00,45150.00,44300.00,44900.00,147,6590400
4295-T,フェイス,東証1部,13000.00,13260.00,12970.00,13160.00,2322,30316540
4296-H,ゼンテック,HCスタンダード,270.00,345.00,265.00,297.00,41396,12943664
4298-J,プロトコーポ,JQ,2625.00,2640.00,2615.00,2615.00,7900,20727000
4299-T,ハイマックス,東証2部,612.00,614.00,612.00,614.00,300,183800
4301-T,アミューズ,東証1部,982.00,987.00,982.00,987.00,5400,5312300
4302-H,オープンインタ,HCグロース,111.00,111.00,105.00,111.00,67632,7467186
4304-H,Eストアー,HCスタンダード,69600.00,69900.00,69600.00,69900.00,29,2020100
4305-H,IMJ,HCグロース,19800.00,20000.00,19510.00,19710.00,7,138390
4306-J,バックス,JQ,12740.00,12870.00,12510.00,12840.00,108,1369440
4307-T,NRI,東証1部,2265.00,2275.00,2255.00,2270.00,305100,691642500
4308-T,Jストリーム,東証マザーズ,27400.00,27400.00,27300.00,27300.00,4,109400
4309-H,スパイア,HCスタンダード,,,,,0,0
4310-T,DI,東証1部,74100.00,74100.00,72600.00,72600.00,88,6446500
4312-T,サイバネット,東証1部,38750.00,39100.00,38700.00,39100.00,55,2141000
4314-H,ダヴィンチH,HCスタンダード,14480.00,14690.00,14370.00,14560.00,11318,164368230
4315-J,日清医食,JQ,1199.00,1199.00,1194.00,1199.00,2200,2631900
4316-H,ビーマップ,HCグロース,20000.00,20390.00,19500.00,20390.00,4,79790
4317-J,レイ,JQ,100.00,100.00,98.00,99.00,5900,583400
4318-J,クイック,JQ,73.00,73.00,73.00,73.00,7000,511000
4319-T,TAC,東証1部,413.00,414.00,413.00,414.00,23200,9591700
4320-T,シーエスアイ,東証マザーズ,31800.00,31800.00,31400.00,31650.00,44,1387600
4321-T,ケネディクス,東証1部,47500.00,48250.00,47150.00,48200.00,10138,484825450
4322-H,イーシステム,HCスタンダード,13300.00,13680.00,13300.00,13680.00,19,255730
4323-T,日シス技術,東証2部,826.00,833.00,826.00,833.00,400,331800
4324-T,電通,東証1部,2130.00,2145.00,2120.00,2135.00,244800,522465000
4326-T,インテージ,東証1部,1673.00,1680.00,1668.00,1680.00,5800,9710600
4327-H,日本SHL,HCグロース,125300.00,126000.00,125000.00,126000.00,12,1503500
4329-J,ワークスアプリ,JQ,61200.00,61500.00,60100.00,60500.00,853,51852600
4330-H,セラーテムテクノ,HCスタンダード,8500.00,8700.00,8500.00,8600.00,50,427190
4331-T,T&Gニーズ,東証1部,13260.00,13600.00,13070.00,13590.00,2801,37428490
4333-T,東邦システム,東証2部,414.00,418.00,412.00,418.00,2200,913200
4334-H,ユークス,HCスタンダード,329.00,330.00,329.00,330.00,400,131900
4335-J,IPS,JQ,28500.00,29000.00,28500.00,28500.00,26,743000
4336-J,クリエアナブキ,JQ,,,,,0,0
4337-T,ぴあ,東証1部,1282.00,1287.00,1280.00,1285.00,1800,2307800
4339-J,スターキャット,JQ,63900.00,64000.00,63100.00,63600.00,22,1395800
4340-T,シンプレクス,東証1部,45000.00,45000.00,44650.00,44800.00,2220,99600950
4341-O,西菱電機,大証2部,,,,,0,0
4342-T,セコム上信,東証2部,1892.00,1900.00,1884.00,1900.00,1900,3589600
4343-T,ファンタジー,東証1部,1184.00,1190.00,1177.00,1190.00,5400,6389300
4344-T,ソースネクスト,東証1部,26880.00,26930.00,26810.00,26930.00,29,778630
4345-J,シーティーエス,JQ,99500.00,100000.00,99500.00,100000.00,10,997500
4346-T,ネクシィーズ,東証1部,3400.00,3430.00,3390.00,3420.00,351,1197820
4346-O,ネクシィーズ,大証1部,,,,,0,0
4347-H,ブロメディア,HCスタンダード,160.00,161.00,158.00,160.00,36100,5732400
4348-J,インフォコム,JQ,46900.00,47200.00,46900.00,47200.00,49,2304600
4350-T,メディカルシス,東証2部,678.00,690.00,676.00,690.00,1800,1234400
4351-J,山田債権,JQ,267.00,275.00,267.00,275.00,5700,1550600
4352-S,アルファトレント,札証アンビシャス,,,,,0,0
4355-H,ロングライフ,HCスタンダード,26400.00,27000.00,26000.00,26170.00,39,1030930
4356-J,応用技術,JQ,,,,,0,0
4357-H,ラ･パルレ,HCスタンダード,11700.00,11700.00,11360.00,11550.00,47,545890
4358-J,TYO,JQ,92.00,92.00,91.00,92.00,4000,367500
4361-T,川口化,東証2部,94.00,94.00,92.00,92.00,5000,466000
4362-T,日精化,東証1部,889.00,928.00,889.00,922.00,17400,15736800
4362-O,日精化,大証1部,885.00,927.00,882.00,912.00,332100,303070300
4364-T,マナック,東証2部,440.00,440.00,440.00,440.00,300,132000
4365-J,松本油,JQ,,,,,0,0
4366-O,ダイトーケミ,大証2部,,,,,0,0
4367-O,広栄化,大証2部,275.00,275.00,275.00,275.00,2000,550000
4368-J,扶桑化学,JQ,1152.00,1200.00,1150.00,1165.00,3100,3630000
4369-H,トリケミカル,HCスタンダード,394.00,475.00,388.00,465.00,172100,75876300
4401-T,ADEKA,東証1部,933.00,942.00,927.00,940.00,612500,574165600
4403-T,日油,東証1部,543.00,550.00,538.00,544.00,1928000,1049159000
4404-T,ミヨシ,東証1部,145.00,145.00,143.00,144.00,62000,8947000
4406-O,日理化,大証1部,137.00,139.00,136.00,139.00,3400,465200
4409-T,東邦化,東証2部,281.00,281.00,280.00,280.00,3000,841000
4410-T,ハリマ化,東証1部,477.00,477.00,477.00,477.00,3000,1431000
4410-O,ハリマ化,大証1部,,,,,0,0
4452-T,花王,東証1部,2300.00,2310.00,2295.00,2310.00,633400,1458794000
4461-T,一工薬,東証1部,289.00,296.00,287.00,295.00,277000,80951000
4461-O,一工薬,大証1部,,,,,0,0
4462-O,石原薬,大証2部,1215.00,1215.00,1215.00,1215.00,1200,1458000
4464-T,ソフト99,東証2部,550.00,559.00,549.00,551.00,7600,4208200
4465-T,ニイタカ,東証2部,1031.00,1045.00,1002.00,1045.00,2200,2232600
4471-T,三洋化,東証1部,570.00,573.00,566.00,570.00,44000,25085000
4471-O,三洋化,大証1部,,,,,0,0
4502-T,武田,東証1部,3740.00,3740.00,3730.00,3730.00,887100,3312302000
4502-O,武田,大証1部,,,,,0,0
4502-S,武田,札証,,,,,0,0
4502-F,武田,福証,,,,,0,0
4503-T,アステラス薬,東証1部,3650.00,3680.00,3650.00,3670.00,831800,3050031000
4503-O,アステラス薬,大証1部,,,,,0,0
4506-T,大日住薬,東証1部,1007.00,1007.00,982.00,988.00,998600,988658300
4506-O,大日住薬,大証1部,,,,,0,0
4507-T,塩野義,東証1部,2295.00,2300.00,2270.00,2295.00,1382000,3158800000
4507-O,塩野義,大証1部,,,,,0,0
4508-T,田辺三菱,東証1部,1187.00,1193.00,1184.00,1188.00,356000,423086000
4508-O,田辺三菱,大証1部,,,,,0,0
4512-T,ワカモト,東証1部,364.00,364.00,364.00,364.00,3000,1092000
4514-T,あすか薬,東証1部,839.00,839.00,839.00,839.00,2000,1678000
4516-T,日新薬,東証1部,1195.00,1206.00,1194.00,1202.00,93000,111570000
4516-O,日新薬,大証1部,,,,,0,0
4517-O,ビオフェル,大証1部,1701.00,1710.00,1701.00,1710.00,600,1022100
4519-T,中外薬,東証1部,1896.00,1897.00,1867.00,1881.00,1877400,3527358800
4521-T,科研薬,東証1部,847.00,849.00,845.00,848.00,213000,180377000
4523-T,エーザイ,東証1部,3400.00,3410.00,3370.00,3390.00,340300,1151505000
4523-O,エーザイ,大証1部,,,,,0,0
4524-T,仁丹,東証2部,286.00,286.00,286.00,286.00,2000,572000
4524-O,仁丹,大証2部,,,,,0,0
4526-T,理ビタミン,東証2部,2550.00,2550.00,2550.00,2550.00,1200,3060000
4527-T,ロート,東証1部,,,,,0,0
4527-O,ロート,大証1部,1182.00,1184.00,1167.00,1182.00,255000,299939000
4528-T,小野薬,東証1部,4450.00,4480.00,4450.00,4480.00,1300,5816000
4528-O,小野薬,大証1部,4480.00,4490.00,4440.00,4470.00,143000,637930000
4530-T,久光薬,東証1部,3610.00,3620.00,3590.00,3590.00,87700,316020000
4530-O,久光薬,大証1部,,,,,0,0
4530-F,久光薬,福証,,,,,0,0
4531-T,有機薬,東証1部,291.00,292.00,291.00,291.00,11000,3202000
4534-T,持田薬,東証1部,944.00,944.00,933.00,934.00,116000,108690000
4535-T,大正薬,東証1部,1803.00,1807.00,1790.00,1803.00,187000,336728000
4536-T,参天薬,東証1部,3050.00,3070.00,3050.00,3070.00,2300,7042000
4536-O,参天薬,大証1部,3050.00,3090.00,3040.00,3070.00,141600,433802000
4537-T,エスエス薬,東証1部,495.00,496.00,494.00,495.00,45000,22271000
4538-T,扶桑薬,東証1部,296.00,296.00,293.00,295.00,55000,16182000
4538-O,扶桑薬,大証1部,,,,,0,0
4539-T,日ケミファ,東証1部,355.00,356.00,354.00,355.00,45000,15967000
4540-T,ツムラ,東証1部,3290.00,3300.00,3250.00,3260.00,225500,738344000
4541-O,日医工,大証1部,3150.00,3160.00,3130.00,3130.00,19100,60046000
4543-T,テルモ,東証1部,4760.00,4760.00,4720.00,4750.00,221400,1049393000
4544-T,みらかHD,東証1部,2620.00,2640.00,2610.00,2640.00,200700,527685000
4547-T,キッセイ薬,東証1部,2195.00,2200.00,2190.00,2200.00,53000,116455000
4548-T,生化学,東証1部,1181.00,1186.00,1172.00,1180.00,23100,27269700
4549-T,栄研化,東証1部,1252.00,1278.00,1227.00,1278.00,249900,314350400
4550-T,日水薬,東証1部,781.00,784.00,774.00,779.00,17500,13623800
4551-T,鳥居薬,東証1部,1691.00,1691.00,1665.00,1677.00,9400,15754800
4552-O,日ケミカル,大証2部,700.00,701.00,691.00,699.00,35000,24436000
4553-T,東和薬品,東証1部,4650.00,4660.00,4630.00,4650.00,24400,113354000
4554-J,富士製薬,JQ,1660.00,1677.00,1660.00,1670.00,6700,11195700
4555-T,沢井製薬,東証1部,5390.00,5390.00,5370.00,5390.00,20300,109308000
4556-J,カイノス,JQ,480.00,528.00,470.00,515.00,51000,25845000
4557-J,医学生物,JQ,505.00,530.00,493.00,510.00,130000,66767000
4558-J,中京医薬,JQ,303.00,312.00,302.00,312.00,3400,1042600
4559-T,ゼリア新薬,東証1部,990.00,991.00,989.00,991.00,18000,17824000
4563-T,アンジェスMG,東証マザーズ,173500.00,174600.00,172000.00,173400.00,107,18590800
4564-T,OTS,東証マザーズ,205000.00,206200.00,202400.00,204300.00,1069,218430200
4565-T,そーせい,東証マザーズ,151500.00,152300.00,149000.00,150100.00,761,114296000
4566-T,LTTバイオ,東証マザーズ,51700.00,52100.00,51200.00,51300.00,594,30631200
4568-T,第一三共,東証1部,1986.00,1993.00,1974.00,1991.00,1477200,2931118800
4568-O,第一三共,大証1部,,,,,0,0
4569-T,キョーリン,東証1部,1552.00,1557.00,1540.00,1555.00,133000,206199000
4570-H,免疫生物,HCグロース,2785.00,2895.00,2745.00,2845.00,8100,22657550
4571-T,ナノキャリア,東証マザーズ,18380.00,18380.00,18150.00,18300.00,230,4193980
4572-J,カルナバイオ,JQNEO,77500.00,78000.00,76100.00,77400.00,52,4009300
4573-H,アールテック,HCスタンダード,211500.00,213000.00,210700.00,213000.00,43,9100900
4574-T,大幸薬品,東証2部,3970.00,4000.00,3920.00,3970.00,193800,770032000
4611-T,大日塗,東証1部,107.00,107.00,105.00,107.00,111000,11735000
4611-O,大日塗,大証1部,,,,,0,0
4612-T,日本ペ,東証1部,526.00,527.00,522.00,527.00,203000,106631000
4612-O,日本ペ,大証1部,,,,,0,0
4613-T,関西ペ,東証1部,776.00,776.00,759.00,773.00,1270000,977199000
4613-O,関西ペ,大証1部,,,,,0,0
4614-T,トウペ,東証1部,115.00,115.00,113.00,114.00,93000,10591000
4614-O,トウペ,大証1部,,,,,0,0
4615-O,神東塗,大証1部,137.00,139.00,136.00,139.00,14000,1911000
4616-O,川上塗,大証2部,89.00,89.00,88.00,88.00,3000,265000
4617-T,中国塗,東証1部,601.00,601.00,595.00,597.00,157000,93650000
4619-T,日特塗,東証1部,345.00,345.00,341.00,344.00,2700,927500
4620-T,藤倉化,東証1部,513.00,514.00,510.00,514.00,13800,7069600
4621-O,ロックペイント,大証2部,,,,,0,0
4623-O,アサヒペン,大証2部,156.00,156.00,156.00,156.00,4000,624000
4624-O,イサム塗,大証2部,325.00,325.00,325.00,325.00,3000,975000
4625-J,アトミクス,JQ,,,,,0,0
4626-T,太陽インキ,東証1部,2390.00,2410.00,2365.00,2390.00,24400,58325500
4627-J,ナトコ,JQ,525.00,525.00,524.00,524.00,300,157300
4628-J,エスケー化研,JQ,,,,,0,0
4629-J,大伸化学,JQ,,,,,0,0
4631-T,DIC,東証1部,153.00,153.00,151.00,152.00,1505000,228821000
4633-T,サカタインクス,東証1部,400.00,401.00,397.00,401.00,61000,24388000
4633-O,サカタインクス,大証1部,,,,,0,0
4634-T,洋インキ,東証1部,326.00,330.00,323.00,330.00,323000,105755000
4635-T,東インキ,東証2部,159.00,159.00,159.00,159.00,3000,477000
4636-J,T&KTOKA,JQ,1213.00,1224.00,1205.00,1221.00,8400,10166900
4640-J,アンドール,JQ,,,,,0,0
4641-T,アルプス技,東証1部,600.00,607.00,600.00,605.00,4600,2778400
4642-T,オリジナル設,東証2部,,,,,0,0
4644-J,イマジニア,JQ,701.00,708.00,700.00,708.00,1500,1051100
4645-J,市進,JQ,,,,,0,0
4650-J,ゲオディノス,JQ,341.00,341.00,341.00,341.00,800,272800
4651-T,サニックス,東証1部,210.00,216.00,208.00,216.00,1411800,300421700
4651-O,サニックス,大証1部,,,,,0,0
4651-F,サニックス,福証,,,,,0,0
4653-T,ダイオーズ,東証1部,512.00,513.00,511.00,512.00,2800,1434000
4654-O,ニチゾウテック,大証2部,,,,,0,0
4656-J,サン･ライフ,JQ,,,,,0,0
4657-J,環境管理,JQ,,,,,0,0
4658-T,日本空調,東証1部,747.00,747.00,745.00,745.00,2400,1791800
4659-J,エイジス,JQ,2070.00,2080.00,2065.00,2080.00,900,1864500
4661-T,OLC,東証1部,6210.00,6220.00,6200.00,6220.00,83200,516718000
4662-J,フォーカスS,JQ,361.00,362.00,361.00,362.00,2100,758200
4664-J,RSC,JQ,,,,,0,0
4665-T,ダスキン,東証1部,1690.00,1694.00,1680.00,1691.00,58900,99364300
4665-O,ダスキン,大証1部,,,,,0,0
4666-T,パーク24,東証1部,991.00,1005.00,987.00,999.00,330400,329825700
4667-J,アイサンテクノロ,JQ,161.00,161.00,161.00,161.00,2300,370300
4668-T,明光ネット,東証1部,580.00,586.00,575.00,585.00,29100,16922600
4669-J,ニッパンR,JQ,,,,,0,0
4671-T,ファルコ,東証1部,,,,,0,0
4671-O,ファルコ,大証1部,931.00,963.00,931.00,963.00,12100,11426700
4673-J,川崎地質,JQ,,,,,0,0
4674-T,クレスコ,東証1部,482.00,482.00,479.00,480.00,1100,527900
4675-J,エヌエス環境,JQ,,,,,0,0
4676-T,フジHD,東証1部,145500.00,146000.00,144500.00,145900.00,3000,436201500
4678-T,秀英,東証1部,552.00,570.00,549.00,568.00,41400,23146400
4679-T,田谷,東証1部,747.00,747.00,745.00,745.00,300,223700
4680-T,ラウンドワン,東証1部,809.00,810.00,802.00,810.00,158900,128146700
4680-O,ラウンドワン,大証1部,,,,,0,0
4681-T,リゾートトラス,東証1部,1132.00,1138.00,1121.00,1138.00,62900,71164400
4684-T,オービック,東証1部,15200.00,15240.00,15120.00,15170.00,12080,183257200
4685-J,菱友システム,JQ,,,,,0,0
4686-J,ジャストシステ,JQ,370.00,375.00,370.00,375.00,5100,1897100
4687-T,TDC,東証1部,748.00,748.00,732.00,740.00,600,444400
4689-T,ヤフー,東証1部,30050.00,30350.00,29790.00,30150.00,98128,2958854510
4689-J,ヤフー,JQ,29980.00,30150.00,29980.00,30150.00,204,6116300
4690-J,日パレット,JQ,236.00,236.00,236.00,236.00,1000,236000
4694-T,BML,東証1部,2355.00,2430.00,2340.00,2380.00,48300,115224500
4695-T,マイスター,東証2部,301.00,301.00,301.00,301.00,2500,752500
4696-T,ワタベ,東証1部,1469.00,1480.00,1462.00,1475.00,18700,27469600
4696-O,ワタベ,大証1部,,,,,0,0
4699-J,ウチダエスコ,JQ,,,,,0,0
4704-T,トレンド,東証1部,3610.00,3610.00,3580.00,3590.00,191000,686250000
4705-J,クリップ,JQ,903.00,911.00,892.00,901.00,1000,899300
4707-J,キタック,JQ,187.00,192.00,187.00,192.00,3300,622900
4708-T,もしもし,東証1部,1791.00,1805.00,1787.00,1800.00,115300,207133600
4709-J,ID,JQ,668.00,680.00,668.00,680.00,1000,670700
4711-T,コミュニティー,東証1部,2105.00,2115.00,2105.00,2115.00,1900,4010500
4712-J,アドアーズ,JQ,214.00,214.00,214.00,214.00,3000,642000
4713-T,日信電サ,東証2部,1037.00,1037.00,1037.00,1037.00,100,103700
4714-T,リソー教育,東証1部,5430.00,5430.00,5330.00,5370.00,11987,64470070
4716-T,日本オラクル,東証1部,3770.00,3790.00,3760.00,3790.00,38200,144354000
4718-T,早稲アカ,東証2部,751.00,751.00,735.00,748.00,18300,13649000
4719-T,アルファシステム,東証1部,1984.00,2010.00,1981.00,2010.00,6600,13121900
4720-J,城南進研,JQ,157.00,163.00,157.00,160.00,11000,1758000
4722-T,フューチャー,東証1部,39200.00,39250.00,39100.00,39150.00,297,11633400
4723-T,ラディアHD,東証2部,105.00,108.00,105.00,106.00,25048,2651446
4724-T,ウェアハウス,東証1部,454.00,458.00,454.00,458.00,2100,959200
4725-T,CAC,東証1部,703.00,708.00,695.00,704.00,58900,41328000
4726-T,ソフトバンテク,東証1部,702.00,709.00,702.00,709.00,2400,1689900
4727-J,アジアシス研,JQ,,,,,0,0
4728-T,トーセ,東証1部,688.00,689.00,676.00,689.00,1000,683300
4728-O,トーセ,大証1部,,,,,0,0
4732-T,ユー･エス･エス,東証1部,5930.00,5950.00,5900.00,5910.00,65230,386264400
4733-T,OBC,東証1部,4480.00,4490.00,4400.00,4490.00,4050,18045000
4734-J,ビーイング,JQ,122.00,122.00,120.00,121.00,10000,1211000
4735-O,京進,大証2部,201.00,209.00,200.00,208.00,8700,1758800
4736-J,日本ラッド,JQ,150.00,150.00,150.00,150.00,5100,765000
4738-T,日立ビジ,東証1部,672.00,676.00,670.00,676.00,1700,1142900
4739-T,CTC,東証1部,2760.00,2770.00,2750.00,2755.00,52000,143486000
4743-T,ITFOR,東証1部,393.00,393.00,387.00,391.00,7000,2734100
4744-T,メッツ,東証マザーズ,5240.00,5480.00,5130.00,5470.00,954,5157860
4745-T,東京個別,東証1部,270.00,271.00,263.00,270.00,739600,197919600
4746-T,東計電算,東証1部,1143.00,1143.00,1135.00,1136.00,2200,2505400
4747-T,eまち,東証マザーズ,322000.00,325000.00,321000.00,321000.00,9,2913000
4748-J,構造計画,JQ,754.00,754.00,711.00,740.00,3600,2633600
4749-T,アドバックス,東証マザーズ,31.00,31.00,31.00,31.00,27000,837000
4750-O,ダイサン,大証2部,,,,,0,0
4751-T,サイバエージ,東証マザーズ,92200.00,92200.00,91200.00,91700.00,10954,1005023600
4752-J,昭和システム,JQ,,,,,0,0
4754-J,トスネット,JQ,217.00,217.00,217.00,217.00,1000,217000
4755-J,楽天,JQ,57700.00,57800.00,57300.00,57500.00,23402,1345090200
4756-T,CCC,東証1部,666.00,666.00,659.00,661.00,795100,526600400
4760-J,ALPHA,JQ,155.00,160.00,154.00,156.00,5000,780000
4761-O,サクラKCS,大証2部,,,,,0,0
4762-T,エックスネット,東証1部,137100.00,139000.00,137000.00,138800.00,8,1100500
4763-H,クリーク&リバ,HCスタンダード,17460.00,17570.00,17110.00,17570.00,25,431960
4764-H,Dデザイン,HCグロース,19200.00,19550.00,19150.00,19160.00,10,192490
4765-H,モーニングスタ,HCスタンダード,36600.00,37600.00,36150.00,37600.00,24,880950
4766-T,ピーエイ,東証マザーズ,116.00,117.00,116.00,117.00,4000,466000
4767-T,TOW,東証1部,541.00,545.00,537.00,545.00,15000,8110700
4768-T,大塚商,東証1部,5200.00,5320.00,5190.00,5300.00,90200,474797000
4769-J,インフォクリエ,JQ,515.00,520.00,515.00,520.00,600,309500
4770-T,エルミック,東証マザーズ,274.00,274.00,270.00,273.00,2300,626100
4771-H,エフアンドエム,HCスタンダード,,,,,0,0
4772-H,デジアド,HCグロース,113.00,117.00,112.00,117.00,724000,83009000
4775-T,総合メディ,東証1部,2205.00,2225.00,2205.00,2220.00,10900,24145000
4776-T,サイボウズ,東証1部,18350.00,18640.00,18300.00,18600.00,128,2365060
4777-H,ガーラ,HCグロース,87800.00,89300.00,86200.00,87500.00,774,67833300
4779-T,ソフトブレーン,東証1部,6420.00,6620.00,6280.00,6480.00,2570,16494760
4781-T,日本ハウズ,東証2部,1450.00,1450.00,1430.00,1430.00,800,1154000
4783-J,日ダイナミク,JQ,,,,,0,0
4784-H,GMO-AP,HCグロース,25000.00,25300.00,25000.00,25300.00,6,150890
4792-H,TFP,HCスタンダード,66800.00,66800.00,66500.00,66500.00,13,865400
4793-J,BSC,JQ,845.00,845.00,840.00,845.00,900,758200
4794-T,デザインEX,東証マザーズ,408.00,413.00,406.00,410.00,2125,869997
4798-T,LCAHD,東証2部,12.00,12.00,11.00,12.00,534900,6262900
4799-T,アグレックス,東証1部,897.00,898.00,895.00,898.00,3700,3318000
4800-H,オリコン,HCスタンダード,41500.00,41500.00,40700.00,41050.00,134,5483250
4801-T,セントラルSP,東証1部,871.00,872.00,869.00,872.00,6900,6005100
4809-T,パラカ,東証マザーズ,54400.00,56500.00,54300.00,56500.00,64,3520300
4812-T,ISID,東証1部,579.00,579.00,571.00,578.00,8800,5066200
4813-T,ACCESS,東証マザーズ,257100.00,258600.00,255000.00,257400.00,830,213018900
4814-H,ネクストウェア,HCスタンダード,10190.00,10200.00,10190.00,10200.00,2,20390
4815-T,J-DC,東証マザーズ,2490.00,2490.00,2490.00,2490.00,2356,5866440
4816-J,東映アニメ,JQ,1520.00,1525.00,1515.00,1521.00,3400,5166700
4817-J,JCOM,JQ,80000.00,80100.00,79500.00,79900.00,2622,209276800
4819-J,Dガレージ,JQ,108000.00,108000.00,108000.00,108000.00,532,57456000
4820-T,EMシステムズ,東証2部,713.00,713.00,701.00,701.00,1700,1194700
4822-H,ハドソン,HCスタンダード,578.00,580.00,574.00,579.00,54600,31501200
4824-T,メディアシーク,東証マザーズ,19500.00,19500.00,19290.00,19500.00,6,116770
4825-T,WNIウェザー,東証1部,1734.00,1734.00,1715.00,1725.00,78500,135170600
4826-T,CIJ,東証1部,307.00,312.00,306.00,312.00,7000,2157600
4827-F,BワンHD,福証Q-Board,10000.00,10000.00,10000.00,10000.00,1,10000
4828-J,東洋BENG,JQ,851.00,851.00,843.00,843.00,600,508400
4829-T,日本エンタ,東証2部,7390.00,7500.00,7380.00,7470.00,51,379850
4832-T,JFE-SI,東証2部,,,,,0,0
4833-H,ぱど,HCグロース,21380.00,21500.00,21350.00,21500.00,24,513190
4834-S,キャリアバンク,札証,36000.00,36000.00,36000.00,36000.00,2,72000
4835-J,INDEXHD,JQ,5680.00,5800.00,5610.00,5790.00,2868,16385010
4837-J,シダックス,JQ,403.00,403.00,400.00,403.00,7200,2897000
4838-J,Sシャワー,JQ,30450.00,30450.00,30450.00,30450.00,10,304500
4839-T,WOWOW,東証マザーズ,217600.00,217600.00,216000.00,216500.00,53,11502000
4840-H,トライアイズ,HCグロース,1468.00,1468.00,1411.00,1468.00,480,687810
4841-H,Dクリック,HCスタンダード,21200.00,21600.00,21100.00,21600.00,52,1116190
4842-H,USEN,HCスタンダード,124.00,124.00,122.00,123.00,52820,6488400
4845-H,フュージョン,HCグロース,10800.00,10950.00,10680.00,10950.00,45,483160
4847-J,インテリW,JQ,17850.00,17950.00,17780.00,17940.00,89,1587550
4848-T,フルキャストHD,東証1部,7100.00,7110.00,7010.00,7080.00,144,1018580
4849-H,エンJPN,HCスタンダード,111900.00,119800.00,108600.00,119000.00,4352,492403600
4850-T,ダウケミカル,東証1部外国,2170.00,2170.00,2100.00,2170.00,40,85900
4875-H,メディシノバ,HCスタンダード外国,644.00,654.00,639.00,654.00,13000,8417200
4901-T,富士フイルム,東証1部,2785.00,2785.00,2760.00,2785.00,2062800,5725298500
4901-O,富士フイルム,大証1部,,,,,0,0
4901-S,富士フイルム,札証,,,,,0,0
4901-F,富士フイルム,福証,,,,,0,0
4902-T,コニカミノルタ,東証1部,871.00,882.00,867.00,877.00,1975000,1725323000
4902-O,コニカミノルタ,大証1部,,,,,0,0
4911-T,資生堂,東証1部,1587.00,1587.00,1574.00,1579.00,958000,1514489000
4912-T,ライオン,東証1部,468.00,468.00,464.00,468.00,188000,87719000
4914-T,高砂香,東証1部,509.00,509.00,504.00,505.00,36000,18219000
4915-J,エイボンJ,JQ,72.00,73.00,72.00,73.00,9000,654000
4916-T,ノエビア,東証2部,1070.00,1078.00,1068.00,1077.00,20700,22171000
4917-T,マンダム,東証1部,2630.00,2655.00,2630.00,2645.00,27700,73380500
4918-J,アイビー,JQ,145.00,149.00,145.00,149.00,6000,874000
4919-T,ミルボン,東証1部,2460.00,2515.00,2430.00,2510.00,20000,49675500
4920-J,日本色材,JQ,,,,,0,0
4921-T,ファンケル,東証1部,1329.00,1330.00,1310.00,1330.00,168700,222910900
4922-T,コーセー,東証1部,2125.00,2125.00,2110.00,2125.00,118400,250803000
4923-O,コタ,大証2部,722.00,722.00,722.00,722.00,500,361000
4924-T,DR.シーラボ,東証1部,160100.00,160500.00,159800.00,160500.00,107,17128100
4925-J,HABA,JQ,2405.00,2410.00,2400.00,2410.00,600,1443500
4951-T,エステー,東証1部,1067.00,1084.00,1065.00,1072.00,5500,5894500
4952-J,SDSバイオ,JQ,1106.00,1106.00,1103.00,1105.00,3800,4196900
4954-J,マークテック,JQ,1035.00,1040.00,1030.00,1040.00,600,620500
4955-T,アグロカネシ,東証2部,750.00,750.00,750.00,750.00,100,75000
4956-T,コニシ,東証1部,811.00,819.00,803.00,819.00,8300,6724600
4956-O,コニシ,大証1部,,,,,0,0
4957-T,ヤスハラケミカル,東証2部,660.00,660.00,660.00,660.00,500,330000
4958-T,長谷川香,東証1部,1474.00,1500.00,1470.00,1486.00,20300,30127900
4960-O,ケミプロ,大証2部,189.00,189.00,189.00,189.00,1000,189000
4961-J,日油技研,JQ,,,,,0,0
4962-O,互応化学,大証2部,,,,,0,0
4963-T,星光PMC,東証2部,286.00,286.00,281.00,281.00,500,142100
4965-J,曽田香料,JQ,,,,,0,0
4966-O,上村工業,大証2部,3900.00,4120.00,3850.00,4000.00,16600,66280000
4967-T,小林製薬,東証1部,4070.00,4140.00,4070.00,4100.00,89600,367431000
4967-O,小林製薬,大証1部,,,,,0,0
4968-T,荒川化学,東証1部,1134.00,1134.00,1113.00,1130.00,6200,6967500
4968-O,荒川化学,大証1部,,,,,0,0
4970-J,東洋合成,JQ,426.00,431.00,422.00,429.00,900,382900
4971-T,メック,東証1部,661.00,669.00,635.00,663.00,55300,35992900
4971-H,メック,HCスタンダード,,,,,0,0
4972-J,綜研化学,JQ,1315.00,1331.00,1315.00,1330.00,18400,24460100
4973-T,高純度化,東証1部,367000.00,368000.00,365000.00,368000.00,34,12441000
4974-T,タカラバイオ,東証マザーズ,225600.00,225700.00,222300.00,224100.00,175,39174200
4975-T,JCU,東証1部,1886.00,1886.00,1876.00,1880.00,300,564200
4976-J,ドライルーブ,JQ,,,,,0,0
4985-T,アース製薬,東証1部,2625.00,2625.00,2605.00,2615.00,7600,19886000
4987-T,寺岡製,東証2部,470.00,473.00,466.00,470.00,1100,517800
4989-T,イハラケミカル,東証1部,358.00,359.00,356.00,357.00,31000,11071000
4990-T,昭和化,東証2部,,,,,0,0
4992-T,北興化,東証1部,343.00,343.00,342.00,342.00,4000,1371000
4994-T,大成ラミック,東証1部,2300.00,2315.00,2300.00,2315.00,1100,2536000
4995-F,サンケイ化,福証,,,,,0,0
4996-T,クミアイ化,東証1部,416.00,416.00,410.00,413.00,126000,52008000
4997-T,日農薬,東証1部,762.00,763.00,751.00,753.00,790000,596965000
4998-T,フマキラー,東証2部,510.00,510.00,506.00,508.00,11000,5582000
4999-T,セメダイン,東証2部,,,,,0,0
5001-T,新日石,東証1部,530.00,533.00,526.00,531.00,2998000,1589529000
5001-O,新日石,大証1部,,,,,0,0
5001-S,新日石,札証,,,,,0,0
5001-F,新日石,福証,,,,,0,0
5002-T,昭和シェル,東証1部,975.00,977.00,971.00,976.00,690600,672124800
5007-T,コスモ石,東証1部,290.00,291.00,289.00,289.00,1306000,378621000
5007-O,コスモ石,大証1部,,,,,0,0
5008-T,東亜石,東証2部,126.00,126.00,125.00,126.00,14000,1756000
5009-T,富士興,東証1部,88.00,89.00,87.00,89.00,49000,4311000
5010-T,日精蝋,東証2部,158.00,158.00,158.00,158.00,6000,948000
5011-T,ニチレキ,東証1部,376.00,379.00,376.00,379.00,6000,2266000
5012-T,東ゼネ石,東証1部,887.00,888.00,883.00,888.00,424000,375447000
5013-T,ユシロ化,東証1部,1479.00,1479.00,1456.00,1471.00,8900,13067600
5015-T,BPカストロール,東証1部,326.00,329.00,325.00,326.00,3200,1044100
5016-T,新日鉱HD,東証1部,471.00,477.00,470.00,477.00,2806500,1328819000
5016-O,新日鉱HD,大証1部,,,,,0,0
5017-T,AOCHD,東証1部,737.00,740.00,734.00,736.00,127800,94251000
5018-T,MORESCO,東証2部,400.00,403.00,400.00,403.00,1300,522100
5019-T,出光興産,東証1部,7700.00,7770.00,7700.00,7770.00,42200,326555000
5101-T,浜ゴム,東証1部,488.00,492.00,482.00,491.00,1012000,494330000
5101-O,浜ゴム,大証1部,,,,,0,0
5103-T,昭和HD,東証2部,45.00,45.00,45.00,45.00,19800,891000
5104-T,日化工,東証2部,82.00,83.00,79.00,79.00,21000,1707000
5105-T,洋ゴム,東証1部,218.00,219.00,214.00,219.00,565000,122621000
5105-O,洋ゴム,大証1部,,,,,0,0
5108-T,ブリヂストン,東証1部,1715.00,1738.00,1708.00,1737.00,1446400,2493192800
5108-O,ブリヂストン,大証1部,,,,,0,0
5108-F,ブリヂストン,福証,,,,,0,0
5110-T,住友ゴム,東証1部,923.00,929.00,917.00,928.00,1102300,1018660200
5110-O,住友ゴム,大証1部,,,,,0,0
5121-T,藤倉ゴム,東証1部,411.00,419.00,410.00,413.00,4000,1649900
5122-T,オカモト,東証1部,349.00,351.00,349.00,351.00,34000,11893000
5142-T,アキレス,東証1部,154.00,155.00,154.00,154.00,52000,8021000
5161-T,西川ゴム,東証2部,798.00,798.00,798.00,798.00,2000,1596000
5162-J,朝日ラバー,JQ,,,,,0,0
5184-O,ニチリン,大証2部,,,,,0,0
5185-T,フコク,東証1部,487.00,488.00,483.00,488.00,5300,2576500
5186-T,ニッタ,東証1部,1475.00,1476.00,1433.00,1460.00,35200,51385500
5186-O,ニッタ,大証1部,,,,,0,0
5187-T,クリエート,東証1部,913.00,915.00,909.00,913.00,6400,5832700
5188-J,帝都ゴム,JQ,,,,,0,0
5189-T,桜ゴム,東証2部,,,,,0,0
5191-T,東海ゴム,東証1部,1155.00,1158.00,1149.00,1158.00,68000,78407900
5192-T,三星ベ,東証1部,401.00,403.00,397.00,402.00,29000,11599000
5192-O,三星ベ,大証1部,,,,,0,0
5194-T,相模ゴム,東証2部,,,,,0,0
5195-T,バンドー,東証1部,299.00,301.00,299.00,300.00,40000,11981000
5195-O,バンドー,大証1部,,,,,0,0
5196-T,鬼怒ゴム,東証1部,144.00,144.00,144.00,144.00,32000,4608000
5199-J,不二ラテ,JQ,,,,,0,0
5201-T,旭硝子,東証1部,823.00,830.00,816.00,830.00,3564000,2933690000
5201-O,旭硝子,大証1部,,,,,0,0
5202-T,板硝子,東証1部,332.00,335.00,330.00,334.00,10540000,3505216000
5202-O,板硝子,大証1部,,,,,0,0
5204-T,石塚硝,東証1部,208.00,208.00,207.00,208.00,16000,3325000
5208-T,有沢製,東証1部,757.00,762.00,757.00,762.00,24600,18679200
5210-T,日山村硝,東証1部,313.00,317.00,307.00,315.00,496000,154772000
5210-O,日山村硝,大証1部,,,,,0,0
5212-J,不二硝,JQ,410.00,410.00,395.00,395.00,1200,489800
5214-T,日電硝,東証1部,973.00,977.00,966.00,976.00,2653000,2578969000
5214-O,日電硝,大証1部,,,,,0,0
5216-J,倉元,JQ,110.00,110.00,107.00,110.00,2300,250400
5217-J,テクノクオーツ,JQ,301.00,301.00,301.00,301.00,1000,301000
5218-T,オハラ,東証1部,1460.00,1477.00,1445.00,1457.00,41900,61224000
5232-T,住阪セメ,東証1部,198.00,205.00,197.00,203.00,5396000,1087956000
5232-O,住阪セメ,大証1部,,,,,0,0
5233-T,太平洋セメ,東証1部,163.00,166.00,161.00,165.00,13807000,2265391000
5233-F,太平洋セメ,福証,,,,,0,0
5234-T,デイシイ,東証1部,281.00,286.00,280.00,281.00,7300,2060800
5237-O,ノザワ,大証2部,,,,,0,0
5261-T,リソル,東証1部,153.00,155.00,152.00,155.00,33000,5077000
5262-T,日ヒューム,東証1部,295.00,295.00,295.00,295.00,1000,295000
5267-T,ハネックス,東証2部,92.00,92.00,91.00,92.00,59000,5410000
5268-T,旭コンクリ,東証2部,,,,,0,0
5269-T,日本コン,東証1部,189.00,192.00,187.00,192.00,74000,13979000
5271-T,トーヨーアサノ,東証2部,,,,,0,0
5273-O,三谷セキ,大証2部,638.00,650.00,638.00,650.00,2600,1684000
5274-J,日ゼニス,JQ,,,,,0,0
5276-T,石川建,東証2部,88.00,91.00,88.00,90.00,23000,2046000
5277-J,スパンクリト,JQ,198.00,198.00,198.00,198.00,400,79200
5279-J,日興業,JQ,112.00,112.00,112.00,112.00,1000,112000
5280-J,ヨシコン,JQ,,,,,0,0
5282-T,ジオスター,東証2部,122.00,129.00,118.00,129.00,107000,13060000
5283-J,高見澤,JQ,,,,,0,0
5284-J,ヤマウ,JQ,,,,,0,0
5285-J,ヤマックス,JQ,115.00,115.00,114.00,114.00,8000,914000
5287-O,イトーヨーギョ,大証2部,,,,,0,0
5288-T,Jパイル,東証2部,290.00,290.00,290.00,290.00,200,58000
5288-O,Jパイル,大証2部,290.00,290.00,281.00,284.00,48000,13727100
5301-T,東海カ,東証1部,486.00,487.00,478.00,483.00,1499000,721759000
5302-T,日カーボン,東証1部,352.00,352.00,344.00,347.00,3611000,1254062000
5304-O,SECカーボン,大証2部,683.00,687.00,679.00,684.00,30000,20474000
5310-T,東洋炭素,東証1部,5290.00,5300.00,5250.00,5270.00,46700,246314000
5331-T,ノリタケ,東証1部,326.00,328.00,322.00,325.00,182000,59213000
5332-T,TOTO,東証1部,654.00,657.00,647.00,653.00,1127000,734794000
5332-F,TOTO,福証,,,,,0,0
5333-T,ガイシ,東証1部,2215.00,2225.00,2190.00,2215.00,1141000,2520595000
5333-O,ガイシ,大証1部,,,,,0,0
5333-S,ガイシ,札証,,,,,0,0
5334-T,特殊陶,東証1部,1121.00,1132.00,1116.00,1129.00,302000,339705000
5337-T,ダントーHD,東証1部,130.00,130.00,127.00,130.00,137000,17657000
5337-O,ダントーHD,大証1部,,,,,0,0
5341-O,アサヒ陶,大証2部,42.00,42.00,41.00,42.00,13000,545000
5344-T,MARUWA,東証1部,2100.00,2110.00,2095.00,2105.00,17100,35993000
5345-T,日本セラテク,東証1部,40300.00,40900.00,40000.00,40800.00,37,1497550
5351-T,白煉瓦,東証1部,231.00,231.00,228.00,229.00,70000,16051000
5351-O,白煉瓦,大証1部,,,,,0,0
5351-S,白煉瓦,札証,,,,,0,0
5352-T,黒崎播磨,東証1部,184.00,185.00,184.00,185.00,14000,2583000
5352-F,黒崎播磨,福証,,,,,0,0
5355-T,ルツボ,東証2部,,,,,0,0
5357-O,ヨータイ,大証1部,199.00,205.00,199.00,205.00,2000,404000
5358-O,イソライト,大証1部,132.00,132.00,132.00,132.00,2000,264000
5363-T,TYK,東証1部,209.00,209.00,209.00,209.00,3000,627000
5367-T,ニッカトー,東証1部,535.00,540.00,534.00,537.00,3600,1929000
5380-J,新東,JQ,245.00,245.00,245.00,245.00,1000,245000
5381-J,日本ミクロ,JQ,239.00,242.00,239.00,242.00,700,167700
5383-J,三共理化,JQ,,,,,0,0
5384-T,フジミインコ,東証1部,1436.00,1457.00,1423.00,1450.00,54900,79018800
5386-T,鶴弥,東証2部,262.00,262.00,262.00,262.00,100,26200
5387-J,チヨダウーテ,JQ,415.00,415.00,415.00,415.00,100,41500
5388-J,クニミネ工,JQ,250.00,250.00,250.00,250.00,3000,750000
5389-O,日レヂ,大証2部,,,,,0,0
5390-T,宇部マテ,東証2部,238.00,239.00,238.00,238.00,18000,4285000
5390-F,宇部マテ,福証,,,,,0,0
5391-T,A&AM,東証1部,90.00,90.00,89.00,90.00,22000,1968000
5393-T,ニチアス,東証1部,354.00,360.00,352.00,358.00,182000,64771000
5395-T,理コランダ,東証2部,150.00,150.00,148.00,148.00,7000,1048000
5398-O,日研紙,大証2部,131.00,131.00,131.00,131.00,1000,131000
5401-T,新日鉄,東証1部,370.00,371.00,367.00,371.00,15576000,5753726000
5401-O,新日鉄,大証1部,,,,,0,0
5401-S,新日鉄,札証,,,,,0,0
5401-F,新日鉄,福証,,,,,0,0
5405-T,住金,東証1部,236.00,237.00,234.00,236.00,16960000,3996315000
5405-O,住金,大証1部,,,,,0,0
5405-S,住金,札証,,,,,0,0
5405-F,住金,福証,,,,,0,0
5406-T,神戸鋼,東証1部,177.00,178.00,176.00,177.00,4644000,822228000
5406-O,神戸鋼,大証1部,,,,,0,0
5407-T,日新鋼,東証1部,198.00,199.00,196.00,199.00,3186000,629853000
5407-O,日新鋼,大証1部,,,,,0,0
5407-F,日新鋼,福証,,,,,0,0
5408-T,中山鋼,東証1部,201.00,202.00,200.00,202.00,117000,23533000
5408-O,中山鋼,大証1部,,,,,0,0
5410-T,合同鉄,東証1部,233.00,236.00,232.00,235.00,1317000,308530000
5411-T,JFEHD,東証1部,3380.00,3390.00,3330.00,3380.00,2629000,8841941000
5411-O,JFEHD,大証1部,3400.00,3400.00,3400.00,3400.00,100,340000
5412-T,POSCO,東証1部外国,,,,,0,0
5423-T,東製鉄,東証1部,1191.00,1202.00,1184.00,1200.00,1183600,1413141800
5440-T,共英製鋼,東証1部,2310.00,2330.00,2300.00,2310.00,65900,152704000
5440-O,共英製鋼,大証1部,,,,,0,0
5444-T,大和工,東証1部,2860.00,2870.00,2850.00,2870.00,110700,316771000
5444-O,大和工,大証1部,,,,,0,0
5445-T,東京鉄,東証1部,323.00,326.00,323.00,323.00,73000,23663000
5446-T,北越メタル,東証2部,267.00,267.00,266.00,266.00,10000,2661000
5448-J,東鋼鉄,JQ,,,,,0,0
5449-T,大阪製鉄,東証1部,1701.00,1717.00,1697.00,1717.00,900,1531900
5449-O,大阪製鉄,大証1部,1691.00,1720.00,1681.00,1720.00,25200,42896300
5450-S,豊平製鋼,札証,211.00,211.00,211.00,211.00,1000,211000
5451-T,淀川鋼,東証1部,419.00,422.00,418.00,422.00,144000,60497000
5451-O,淀川鋼,大証1部,,,,,0,0
5453-T,洋鋼鈑,東証1部,414.00,423.00,414.00,423.00,97000,40657000
5453-O,洋鋼鈑,大証1部,,,,,0,0
5456-J,朝日工業,JQ,213300.00,216900.00,213100.00,216900.00,19,4056800
5457-T,住友鋼管,東証1部,568.00,571.00,564.00,567.00,14000,7943800
5458-T,高砂鉄,東証2部,91.00,91.00,87.00,87.00,35000,3140000
5463-T,丸一管,東証1部,1952.00,1959.00,1940.00,1952.00,63500,123933900
5463-O,丸一管,大証1部,,,,,0,0
5464-T,モリ工業,東証1部,203.00,204.00,202.00,202.00,31000,6293000
5464-O,モリ工業,大証1部,,,,,0,0
5471-T,大特鋼,東証1部,384.00,384.00,379.00,384.00,782000,298709000
5476-T,高周波,東証1部,103.00,103.00,101.00,102.00,53000,5417000
5479-T,日金工,東証1部,219.00,220.00,216.00,220.00,748000,162971000
5480-T,冶金工,東証1部,570.00,574.00,566.00,573.00,1272000,725515500
5481-T,山特鋼,東証1部,390.00,392.00,388.00,391.00,289000,112744000
5482-T,愛知鋼,東証1部,388.00,394.00,388.00,393.00,140000,54737000
5484-J,東北鋼,JQ,,,,,0,0
5486-T,日立金,東証1部,966.00,970.00,960.00,970.00,680000,656859000
5486-O,日立金,大証1部,,,,,0,0
5491-T,日金属,東証1部,199.00,201.00,198.00,201.00,254000,50618000
5541-T,大平金,東証1部,805.00,806.00,797.00,806.00,1268000,1017348000
5541-O,大平金,大証1部,,,,,0,0
5542-J,報国鉄,JQ,,,,,0,0
5563-T,日電工,東証1部,720.00,723.00,714.00,719.00,1629000,1171138000
5566-T,中央電,東証2部,809.00,813.00,804.00,806.00,50000,40430000
5602-T,栗本鉄,東証1部,100.00,103.00,100.00,103.00,254000,25791000
5602-O,栗本鉄,大証1部,,,,,0,0
5603-O,虹技,大証1部,152.00,154.00,152.00,154.00,30000,4598000
5605-T,アイメタル,東証2部,163.00,163.00,163.00,163.00,3000,489000
5606-T,旭テック,東証1部,41.00,42.00,41.00,42.00,209000,8579000
5609-T,日鋳造,東証2部,148.00,150.00,147.00,150.00,453000,67049000
5610-T,大和重,東証2部,,,,,0,0
5612-T,鋳鉄管,東証1部,129.00,129.00,129.00,129.00,1000,129000
5614-T,川金HD,東証2部,319.00,320.00,319.00,320.00,200,63900
5631-T,日製鋼,東証1部,1174.00,1174.00,1159.00,1168.00,1969000,2293585000
5631-O,日製鋼,大証1部,,,,,0,0
5631-S,日製鋼,札証,,,,,0,0
5631-F,日製鋼,福証,,,,,0,0
5632-T,菱製鋼,東証1部,221.00,223.00,218.00,223.00,167000,36861000
5641-T,TDF,東証2部,113.00,113.00,113.00,113.00,2000,226000
5644-O,メタルアート,大証2部,,,,,0,0
5645-J,イチタン,JQ,,,,,0,0
5657-T,鈴木金,東証2部,224.00,224.00,222.00,224.00,6000,1338000
5658-T,日亜鋼,東証1部,348.00,350.00,339.00,346.00,127000,43857000
5658-O,日亜鋼,大証1部,,,,,0,0
5659-T,日精線,東証1部,290.00,290.00,284.00,285.00,30000,8571000
5659-O,日精線,大証1部,,,,,0,0
5660-T,神鋼線,東証2部,162.00,162.00,160.00,162.00,309000,49687000
5695-J,パウダテク,JQ,,,,,0,0
5697-O,サンユウ,大証2部,,,,,0,0
5701-T,日軽金,東証1部,111.00,111.00,110.00,110.00,620000,68569000
5701-O,日軽金,大証1部,,,,,0,0
5702-T,大紀アルミ,東証1部,225.00,225.00,225.00,225.00,1000,225000
5702-O,大紀アルミ,大証1部,222.00,225.00,221.00,224.00,26000,5797000
5706-T,三井金,東証1部,271.00,273.00,267.00,273.00,2862000,773200000
5706-O,三井金,大証1部,,,,,0,0
5707-T,東邦鉛,東証1部,463.00,465.00,458.00,465.00,800000,369556000
5707-O,東邦鉛,大証1部,,,,,0,0
5711-T,三菱マ,東証1部,277.00,280.00,274.00,280.00,7182000,1987715000
5711-O,三菱マ,大証1部,,,,,0,0
5713-T,住友鉱,東証1部,1447.00,1450.00,1439.00,1443.00,3468000,5006607000
5713-O,住友鉱,大証1部,,,,,0,0
5714-T,DOWA,東証1部,532.00,538.00,527.00,534.00,3072000,1638126000
5714-O,DOWA,大証1部,,,,,0,0
5714-S,DOWA,札証,,,,,0,0
5714-F,DOWA,福証,,,,,0,0
5715-T,古河機,東証1部,133.00,134.00,132.00,134.00,481000,63974000
5715-O,古河機,大証1部,,,,,0,0
5721-O,S･サイエンス,大証1部,3.00,4.00,3.00,3.00,3232000,10739000
5724-J,アサカ理研,JQ,570.00,580.00,570.00,580.00,1600,917800
5726-T,大阪チタ,東証1部,3180.00,3180.00,3160.00,3180.00,36300,115097000
5727-T,邦チタニウム,東証1部,1514.00,1520.00,1508.00,1518.00,79600,120429000
5729-T,日精鉱,東証2部,193.00,194.00,193.00,194.00,2000,387000
5738-T,住軽金,東証1部,102.00,103.00,101.00,103.00,462000,47120000
5738-O,住軽金,大証1部,,,,,0,0
5739-T,日製箔,東証2部,,,,,0,0
5741-T,古河スカイ,東証1部,177.00,178.00,176.00,177.00,196000,34700000
5742-J,NIC,JQ,23000.00,23000.00,22700.00,22700.00,24,551350
5753-T,日伸銅,東証2部,109.00,109.00,109.00,109.00,1000,109000
5753-O,日伸銅,大証2部,,,,,0,0
5758-H,FCM,HCスタンダード,,,,,0,0
5781-O,東邦金,大証2部,100.00,103.00,98.00,103.00,30000,3007000
5801-T,古河電,東証1部,418.00,419.00,415.00,418.00,3530000,1471109000
5801-O,古河電,大証1部,,,,,0,0
5802-T,住友電,東証1部,1217.00,1227.00,1207.00,1221.00,1277300,1555260000
5802-O,住友電,大証1部,,,,,0,0
5802-F,住友電,福証,,,,,0,0
5803-T,フジクラ,東証1部,498.00,500.00,493.00,498.00,1117000,554700000
5803-O,フジクラ,大証1部,,,,,0,0
5804-T,菱線工,東証1部,97.00,97.00,95.00,96.00,122000,11710000
5805-T,昭電線HD,東証1部,109.00,110.00,109.00,110.00,546000,59678000
5807-T,東特線,東証1部,105.00,105.00,105.00,105.00,23000,2415000
5809-T,タツタ線,東証1部,244.00,247.00,244.00,244.00,23000,5639000
5809-O,タツタ線,大証1部,,,,,0,0
5812-T,日立線,東証1部,313.00,316.00,310.00,315.00,261000,81693000
5812-O,日立線,大証1部,,,,,0,0
5815-T,沖電線,東証1部,139.00,140.00,139.00,140.00,4000,557000
5816-T,オーナンバ,東証2部,486.00,486.00,486.00,486.00,100,48600
5816-O,オーナンバ,大証2部,492.00,495.00,482.00,492.00,7600,3718400
5817-O,日電線,大証2部,335.00,335.00,335.00,335.00,100,33500
5819-T,カナレ電気,東証1部,1044.00,1048.00,1044.00,1045.00,1100,1151200
5820-J,三ッ星,JQ,,,,,0,0
5821-T,平河ヒューテ,東証1部,693.00,693.00,692.00,693.00,700,485000
5851-T,リョービ,東証1部,278.00,280.00,274.00,278.00,143000,39648000
5852-T,アーレスティ,東証2部,590.00,628.00,581.00,625.00,115300,70012300
5856-T,東理HD,東証2部,56.00,57.00,56.00,56.00,116100,6501900
5857-T,アサヒHD,東証1部,1704.00,1704.00,1674.00,1684.00,71100,119587000
5900-J,ダイケン,JQ,,,,,0,0
5901-T,洋カン,東証1部,1922.00,1929.00,1910.00,1922.00,430000,824858500
5901-O,洋カン,大証1部,,,,,0,0
5902-T,ホッカンHD,東証1部,245.00,245.00,243.00,243.00,23000,5602000
5902-S,ホッカンHD,札証,,,,,0,0
5903-J,SHINPO,JQ,,,,,0,0
5905-T,日カン,東証2部,105.00,105.00,105.00,105.00,2000,210000
5906-J,MK精工,JQ,,,,,0,0
5907-O,JFEコンテナ,大証2部,240.00,240.00,240.00,240.00,1000,240000
5909-T,コロナ,東証1部,1273.00,1293.00,1271.00,1291.00,3300,4224200
5911-T,横河ブHD,東証1部,787.00,788.00,781.00,782.00,92000,72119000
5912-T,日本橋梁,東証1部,213.00,214.00,212.00,214.00,11300,2400450
5912-O,日本橋梁,大証1部,,,,,0,0
5913-T,松尾橋,東証1部,120.00,120.00,119.00,120.00,41000,4910000
5913-O,松尾橋,大証1部,,,,,0,0
5915-T,駒井鉄,東証1部,226.00,226.00,225.00,226.00,8000,1805000
5915-O,駒井鉄,大証1部,,,,,0,0
5916-T,ハルテック,東証1部,115.00,116.00,115.00,116.00,46000,5294000
5916-O,ハルテック,大証1部,,,,,0,0
5917-T,サクラダ,東証1部,28.00,29.00,27.00,27.00,1249000,34879000
5918-T,滝上工,東証2部,241.00,241.00,241.00,241.00,1000,241000
5919-T,JST,東証2部,405.00,405.00,405.00,405.00,200,81000
5921-T,川岸工,東証2部,285.00,288.00,285.00,288.00,3000,858000
5922-T,那須鉄,東証2部,,,,,0,0
5923-T,高田機,東証1部,268.00,270.00,268.00,268.00,23000,6178000
5923-O,高田機,大証1部,,,,,0,0
5928-O,アルメタックス,大証2部,196.00,196.00,196.00,196.00,500,98000
5929-T,三和HD,東証1部,343.00,343.00,339.00,342.00,218000,74432000
5930-T,文化シヤタ,東証1部,352.00,354.00,350.00,353.00,36000,12681000
5933-T,アルインコ,東証2部,,,,,0,0
5933-O,アルインコ,大証2部,294.00,294.00,294.00,294.00,500,147000
5935-J,元旦,JQ,265.00,265.00,265.00,265.00,1000,265000
5936-T,洋シヤタ,東証1部,686.00,689.00,680.00,680.00,10500,7166500
5936-O,洋シヤタ,大証1部,,,,,0,0
5938-T,住生活G,東証1部,1612.00,1629.00,1603.00,1629.00,835800,1353500400
5938-O,住生活G,大証1部,,,,,0,0
5939-J,大谷工業,JQ,,,,,0,0
5940-T,不二サッシ,東証2部,54.00,55.00,54.00,54.00,51200,2765100
5941-O,中西製作,大証2部,240.00,240.00,240.00,240.00,4500,1080000
5942-T,日フイルコン,東証1部,483.00,484.00,479.00,481.00,2400,1157200
5943-T,ノーリツ,東証1部,1245.00,1269.00,1235.00,1256.00,125200,156765300
5943-O,ノーリツ,大証1部,,,,,0,0
5945-J,天龍鋸,JQ,,,,,0,0
5946-T,長府製,東証1部,1948.00,1970.00,1948.00,1966.00,9400,18440100
5947-T,リンナイ,東証1部,4570.00,4600.00,4530.00,4580.00,95800,438245000
5949-T,ユニプレス,東証1部,1120.00,1133.00,1108.00,1121.00,155500,173923200
5950-O,パワーファス,大証2部,,,,,0,0
5951-T,ダイニチ工,東証1部,665.00,665.00,663.00,665.00,4300,2857000
5952-O,アマテイ,大証2部,83.00,85.00,82.00,85.00,47000,3934000
5953-F,昭和鉄,福証,,,,,0,0
5954-O,トープラ,大証2部,95.00,98.00,95.00,98.00,102000,9787000
5955-O,ヤマシナ,大証2部,33.00,34.00,33.00,33.00,60000,1990400
5956-T,トーソー,東証2部,,,,,0,0
5957-T,日東精,東証1部,254.00,254.00,253.00,253.00,12000,3042000
5957-O,日東精,大証1部,,,,,0,0
5958-T,三洋工,東証1部,175.00,177.00,175.00,177.00,9000,1579000
5959-T,岡部,東証1部,353.00,355.00,352.00,355.00,31900,11277000
5962-O,浅香工,大証2部,103.00,103.00,101.00,103.00,5000,512000
5963-T,日立ツール,東証1部,873.00,875.00,872.00,872.00,1400,1222000
5963-O,日立ツール,大証1部,,,,,0,0
5964-T,洋刃物,東証2部,,,,,0,0
5965-T,フジマック,東証2部,,,,,0,0
5966-O,KTC,大証2部,210.00,210.00,210.00,210.00,1000,210000
5967-O,前田金,大証2部,,,,,0,0
5969-O,ロブテックス,大証2部,,,,,0,0
5970-J,菊池プレス,JQ,1202.00,1205.00,1202.00,1205.00,1400,1684900
5971-J,共和工業,JQ,,,,,0,0
5973-O,トーアミ,大証2部,665.00,670.00,665.00,670.00,200,133500
5974-T,中国工,東証1部,117.00,118.00,116.00,116.00,15000,1752000
5975-T,東プレ,東証1部,870.00,879.00,865.00,871.00,57000,49707100
5976-T,ネツレン,東証1部,710.00,713.00,699.00,712.00,50900,36042300
5980-J,田中亜鉛,JQ,,,,,0,0
5981-T,東京綱,東証1部,321.00,327.00,320.00,325.00,972000,314381000
5981-O,東京綱,大証1部,,,,,0,0
5982-T,マルゼン,東証2部,469.00,469.00,468.00,468.00,4000,1875000
5983-J,イワブチ,JQ,,,,,0,0
5984-T,兼房,東証2部,610.00,610.00,610.00,610.00,600,366000
5985-O,サンコール,大証1部,317.00,317.00,310.00,313.00,15000,4700000
5986-O,モリテック,大証1部,,,,,0,0
5987-J,オーネックス,JQ,144.00,144.00,143.00,143.00,6000,859000
5988-T,パイオラックス,東証1部,1605.00,1618.00,1603.00,1604.00,1500,2413200
5989-J,エイチワン,JQ,407.00,408.00,403.00,408.00,2400,975900
5990-J,スーパーツール,JQ,,,,,0,0
5991-T,ニッパツ,東証1部,681.00,688.00,679.00,685.00,733000,499848000
5992-T,中発条,東証1部,267.00,270.00,267.00,269.00,7000,1876000
5994-T,ファインシンター,東証2部,,,,,0,0
5995-O,科冶金,大証2部,167.00,167.00,167.00,167.00,7000,1169000
5996-T,新立川,東証2部,,,,,0,0
5997-J,協立AT,JQ,280.00,280.00,280.00,280.00,100,28000
5998-T,アドバネクス,東証1部,81.00,81.00,80.00,80.00,9000,727000
5999-J,イハラサイエンス,JQ,460.00,460.00,450.00,450.00,7000,3188000
6005-T,三浦工,東証1部,2330.00,2345.00,2320.00,2335.00,24500,57143500
6005-O,三浦工,大証1部,,,,,0,0
6013-T,タクマ,東証1部,249.00,249.00,246.00,249.00,171000,42317000
6013-O,タクマ,大証1部,,,,,0,0
6016-O,神発動,大証2部,,,,,0,0
6018-O,阪神燃,大証2部,229.00,229.00,228.00,228.00,25000,5723000
6022-T,赤阪鉄,東証2部,213.00,213.00,212.00,212.00,14000,2974000
6023-O,ダイハツデ,大証2部,541.00,545.00,541.00,544.00,40000,21675000
6042-T,ニッキ,東証2部,,,,,0,0
6101-T,ツガミ,東証1部,201.00,201.00,199.00,200.00,43000,8602000
6101-O,ツガミ,大証1部,,,,,0,0
6103-T,オークマ,東証1部,477.00,477.00,470.00,474.00,1034000,490558000
6104-T,東芝機,東証1部,375.00,376.00,371.00,376.00,380000,142322000
6112-T,小島鉄,東証2部,177.00,177.00,175.00,175.00,2000,352000
6113-T,アマダ,東証1部,646.00,652.00,641.00,652.00,827000,536094000
6113-O,アマダ,大証1部,,,,,0,0
6118-T,アイダ,東証1部,321.00,324.00,319.00,322.00,37500,12065400
6121-T,滝澤鉄,東証2部,82.00,84.00,82.00,83.00,25000,2073000
6125-T,岡本工,東証2部,111.00,111.00,111.00,111.00,5000,555000
6131-T,浜井産,東証2部,91.00,91.00,91.00,91.00,2000,182000
6135-T,牧野フ,東証1部,351.00,354.00,346.00,353.00,375000,131443000
6136-T,OSG,東証1部,974.00,987.00,965.00,987.00,129200,126166600
6137-T,小池工,東証2部,293.00,297.00,293.00,297.00,16000,4714000
6138-T,ダイジェト,東証1部,148.00,148.00,147.00,147.00,3000,443000
6138-O,ダイジェト,大証1部,,,,,0,0
6140-T,旭ダイヤ,東証1部,692.00,699.00,687.00,695.00,145000,100574000
6141-T,森精機,東証1部,1053.00,1065.00,1048.00,1065.00,5100,5379600
6141-O,森精機,大証1部,1052.00,1071.00,1045.00,1071.00,223700,236750900
6143-T,ソディック,東証2部,219.00,226.00,219.00,226.00,106700,23503800
6144-T,西電機,東証2部,,,,,0,0
6144-O,西電機,大証2部,,,,,0,0
6144-F,西電機,福証,,,,,0,0
6145-J,日特エンシ,JQ,639.00,665.00,639.00,665.00,20300,13224600
6146-T,ディスコ,東証1部,5430.00,5430.00,5370.00,5410.00,189100,1020417000
6147-J,ヤマザキ,JQ,,,,,0,0
6149-J,小田原,JQ,610.00,610.00,610.00,610.00,1000,610000
6150-J,タケダ機,JQ,,,,,0,0
6151-T,日東工器,東証1部,1865.00,1873.00,1846.00,1867.00,15000,27851900
6155-T,高松機械,東証2部,284.00,285.00,281.00,285.00,1900,537600
6156-J,エーワン精密,JQ,230000.00,230000.00,230000.00,230000.00,1,230000
6157-J,日進工具,JQ,2100.00,2100.00,2080.00,2100.00,400,838000
6158-J,和井田,JQ,428.00,429.00,428.00,429.00,800,342600
6159-J,ミクロン精密,JQ,1123.00,1123.00,1117.00,1117.00,200,224000
6161-T,エスティック,東証マザーズ,95000.00,95000.00,94000.00,94000.00,2,189000
6162-T,ミヤノ,東証2部,82.00,83.00,82.00,82.00,16000,1316000
6163-J,H&F,JQ,,,,,0,0
6164-J,太陽工機,JQ,554.00,555.00,554.00,555.00,200,110900
6201-T,豊田織機,東証1部,2480.00,2520.00,2450.00,2520.00,372300,927197000
6201-O,豊田織機,大証1部,,,,,0,0
6203-T,豊和工,東証1部,63.00,64.00,63.00,63.00,67000,4256000
6205-T,OKK,東証1部,91.00,92.00,90.00,90.00,117000,10633000
6205-O,OKK,大証1部,,,,,0,0
6208-T,石川製,東証1部,65.00,66.00,65.00,65.00,16000,1044000
6210-T,東洋機械,東証1部,155.00,155.00,155.00,155.00,300,46500
6210-O,東洋機械,大証1部,154.00,156.00,154.00,156.00,5600,870500
6211-T,倉敷機,東証2部,,,,,0,0
6211-O,倉敷機,大証2部,,,,,0,0
6213-T,オーエム製,東証1部,354.00,355.00,353.00,353.00,34000,12034000
6213-O,オーエム製,大証1部,,,,,0,0
6217-T,津田駒,東証1部,174.00,174.00,171.00,171.00,76000,13054000
6218-T,エンシュウ,東証1部,105.00,108.00,104.00,107.00,314000,33051000
6222-T,島精機,東証1部,2200.00,2225.00,2200.00,2220.00,2400,5307000
6222-O,島精機,大証1部,2205.00,2220.00,2190.00,2215.00,57200,126320000
6242-T,スピンドル,東証1部,170.00,170.00,168.00,170.00,65000,10983000
6242-O,スピンドル,大証1部,,,,,0,0
6245-O,ヒラノテク,大証2部,1095.00,1110.00,1076.00,1095.00,17000,18572000
6246-O,井上金,大証2部,,,,,0,0
6247-T,日阪製,東証1部,1005.00,1011.00,996.00,1011.00,112000,112653000
6247-O,日阪製,大証1部,,,,,0,0
6250-T,やまびこ,東証1部,1184.00,1204.00,1183.00,1204.00,3400,4040500
6252-T,TAIYO,東証2部,120.00,122.00,120.00,121.00,50000,6020000
6254-J,野村マイクロ,JQ,725.00,725.00,710.00,712.00,2600,1864300
6255-T,エヌピーシー,東証マザーズ,2590.00,2625.00,2590.00,2620.00,100000,260758000
6256-J,ニューフレア,JQ,67500.00,68900.00,67300.00,68900.00,106,7211300
6257-J,藤商事,JQ,115200.00,115900.00,114800.00,115500.00,89,10251600
6258-J,平田機工,JQ,502.00,502.00,502.00,502.00,100,50200
6259-J,大崎エンジ,JQ,101000.00,101500.00,101000.00,101500.00,4,405000
6260-J,アドエンジ,JQ,181.00,181.00,181.00,181.00,7100,1285100
6261-J,日本GC,JQ,141100.00,142000.00,141000.00,142000.00,20,2823500
6262-T,ペガサス,東証1部,175.00,176.00,172.00,175.00,19600,3407000
6264-T,マルマエ,東証マザーズ,89000.00,90000.00,88200.00,88500.00,22,1967200
6265-J,妙徳,JQ,,,,,0,0
6266-J,タツモ,JQ,501.00,501.00,501.00,501.00,200,100200
6267-J,ゼネパッカー,JQ,181.00,187.00,181.00,187.00,9000,1657000
6268-T,ナブテスコ,東証1部,1053.00,1053.00,1035.00,1050.00,254000,265488000
6269-T,三井海洋,東証1部,1735.00,1757.00,1732.00,1746.00,72800,127162700
6271-T,ニッセイ,東証2部,695.00,725.00,695.00,710.00,2300,1633500
6272-T,レオン自機,東証1部,261.00,261.00,261.00,261.00,1000,261000
6273-T,SMC,東証1部,10850.00,10900.00,10660.00,10900.00,192600,2086360000
6274-T,新川,東証1部,1554.00,1564.00,1542.00,1558.00,29200,45375400
6276-J,ナビタス,JQ,,,,,0,0
6277-T,ホソカワミクロ,東証1部,434.00,436.00,429.00,433.00,29000,12528000
6277-O,ホソカワミクロ,大証1部,,,,,0,0
6278-T,ユニオンツール,東証1部,2860.00,2880.00,2830.00,2880.00,25300,72325500
6279-O,瑞光,大証2部,753.00,753.00,753.00,753.00,200,150600
6281-J,前田製,JQ,,,,,0,0
6282-T,オイレス工,東証1部,1556.00,1566.00,1543.00,1556.00,28000,43616700
6284-J,ASB機械,JQ,,,,,0,0
6286-J,靜甲,JQ,,,,,0,0
6287-T,サトー,東証1部,1203.00,1219.00,1190.00,1211.00,170900,206667000
6289-O,技研製,大証2部,,,,,0,0
6291-T,エアーテック,東証1部,751.00,766.00,751.00,766.00,31700,24113600
6292-J,カワタ,JQ,,,,,0,0
6293-T,日樹工,東証1部,318.00,326.00,316.00,326.00,18100,5797500
6294-O,オカタアイヨン,大証2部,167.00,169.00,167.00,169.00,5000,837000
6297-J,鉱研工業,JQ,312.00,314.00,311.00,314.00,1300,405700
6298-T,ワイエイシイ,東証1部,681.00,686.00,681.00,686.00,4500,3070500
6299-O,神鋼環境,大証2部,183.00,183.00,183.00,183.00,3000,549000
6300-T,アピクヤマダ,東証2部,,,,,0,0
6301-T,コマツ,東証1部,1666.00,1684.00,1660.00,1682.00,3715600,6220085200
6301-O,コマツ,大証1部,,,,,0,0
6302-T,住友重,東証1部,472.00,476.00,466.00,475.00,2688000,1268362000
6302-O,住友重,大証1部,,,,,0,0
6303-O,ササクラ,大証2部,702.00,710.00,702.00,710.00,8000,5653000
6305-T,日立建,東証1部,1917.00,1921.00,1894.00,1919.00,972100,1857099000
6305-O,日立建,大証1部,,,,,0,0
6306-T,日工,東証1部,273.00,273.00,272.00,273.00,13000,3545000
6306-O,日工,大証1部,,,,,0,0
6307-O,サンセイ,大証2部,100.00,100.00,100.00,100.00,1000,100000
6309-T,巴工業,東証1部,1338.00,1342.00,1333.00,1337.00,3500,4683600
6310-T,井関農,東証1部,441.00,447.00,439.00,444.00,3051000,1350769000
6310-O,井関農,大証1部,,,,,0,0
6312-J,フロイント,JQ,600.00,619.00,598.00,618.00,25700,15574100
6314-J,石井工研,JQ,,,,,0,0
6315-T,TOWA,東証1部,660.00,703.00,655.00,697.00,16700,11193900
6315-O,TOWA,大証1部,660.00,702.00,653.00,700.00,742900,508007800
6316-T,丸山製,東証1部,210.00,211.00,207.00,209.00,359000,74912000
6317-T,北川鉄,東証1部,116.00,116.00,115.00,115.00,33000,3814000
6319-T,シンニッタン,東証1部,285.00,289.00,280.00,289.00,24800,7044800
6321-T,石搬機,東証2部,,,,,0,0
6322-O,タクミナ,大証2部,,,,,0,0
6323-J,ローツェ,JQ,176.00,176.00,175.00,175.00,1000,175100
6324-J,ハーモニック,JQ,244700.00,244700.00,244000.00,244000.00,5,1221700
6325-T,タカキタ,東証2部,,,,,0,0
6326-T,クボタ,東証1部,776.00,780.00,770.00,780.00,3096000,2402662000
6326-O,クボタ,大証1部,,,,,0,0
6327-J,北川精機,JQ,359.00,359.00,351.00,358.00,4100,1450300
6328-T,荏原実業,東証1部,1445.00,1445.00,1420.00,1430.00,9100,12993700
6330-T,洋エンジ,東証1部,334.00,335.00,330.00,335.00,946000,315241000
6331-T,化工機,東証1部,288.00,288.00,284.00,287.00,154000,44011000
6331-O,化工機,大証1部,,,,,0,0
6332-T,月島機,東証1部,644.00,644.00,637.00,643.00,57000,36573000
6332-O,月島機,大証1部,,,,,0,0
6333-T,帝国電機,東証1部,2160.00,2160.00,2140.00,2145.00,6500,13961500
6333-O,帝国電機,大証1部,,,,,0,0
6334-T,明治機,東証2部,56.00,57.00,56.00,57.00,112000,6350000
6335-T,東京機,東証1部,180.00,181.00,180.00,180.00,66000,11884000
6335-O,東京機,大証1部,,,,,0,0
6336-T,石井表記,東証2部,1408.00,1411.00,1402.00,1404.00,9300,13074100
6337-J,テセック,JQ,649.00,649.00,649.00,649.00,400,259600
6338-O,タカトリ,大証2部,,,,,0,0
6339-T,新東工,東証1部,730.00,743.00,723.00,742.00,169700,124730200
6340-T,渋谷工,東証1部,745.00,759.00,735.00,759.00,5500,4097400
6342-O,太平製,大証2部,,,,,0,0
6343-T,フリージアマク,東証2部,22.00,22.00,21.00,22.00,31000,657000
6344-O,キヤノンマシナリ,大証2部,1100.00,1100.00,1091.00,1091.00,1800,1976200
6345-T,アイチコーポ,東証1部,493.00,497.00,492.00,495.00,34200,16911700
6346-O,菊川鉄,大証2部,,,,,0,0
6347-J,プラコー,JQ,19.00,20.00,19.00,19.00,176000,3345000
6349-T,小森,東証1部,1102.00,1106.00,1087.00,1105.00,137300,150755800
6349-O,小森,大証1部,,,,,0,0
6351-T,鶴見製,東証1部,688.00,694.00,688.00,690.00,8000,5517000
6351-O,鶴見製,大証1部,,,,,0,0
6352-J,トヨコケン,JQ,78.00,78.00,78.00,78.00,1000,78000
6355-T,住友精,東証1部,367.00,367.00,363.00,366.00,23000,8389000
6355-O,住友精,大証1部,,,,,0,0
6356-T,日ギア,東証2部,349.00,349.00,343.00,343.00,2000,692000
6356-O,日ギア,大証2部,,,,,0,0
6357-O,三精輸,大証2部,,,,,0,0
6358-T,酒井重,東証1部,170.00,172.00,169.00,171.00,21000,3572000
6360-T,東自機,東証2部,,,,,0,0
6361-T,荏原,東証1部,426.00,429.00,421.00,428.00,3215000,1368661000
6361-S,荏原,札証,,,,,0,0
6362-T,石井鉄,東証1部,182.00,182.00,176.00,176.00,48000,8580000
6363-T,酉島製,東証1部,1400.00,1401.00,1387.00,1389.00,60200,83897700
6363-O,酉島製,大証1部,,,,,0,0
6364-T,北越工,東証2部,163.00,163.00,162.00,162.00,2000,325000
6365-T,電業社,東証2部,1594.00,1600.00,1593.00,1600.00,1400,2231800
6366-T,千代建,東証1部,754.00,755.00,748.00,751.00,1743000,1308902000
6367-T,ダイキン,東証1部,3430.00,3430.00,3360.00,3400.00,1213900,4125731000
6367-O,ダイキン,大証1部,,,,,0,0
6368-T,オルガノ,東証1部,715.00,731.00,711.00,729.00,127000,91324000
6369-T,トーヨーカネツ,東証1部,194.00,194.00,192.00,193.00,292000,56411000
6370-T,栗田工,東証1部,3080.00,3090.00,3050.00,3090.00,127500,392212000
6370-O,栗田工,大証1部,,,,,0,0
6371-T,椿本チ,東証1部,401.00,408.00,396.00,406.00,485000,195778000
6371-O,椿本チ,大証1部,,,,,0,0
6373-T,大同工,東証1部,150.00,152.00,149.00,152.00,13000,1957000
6373-O,大同工,大証1部,,,,,0,0
6374-T,TCM,東証1部,144.00,145.00,143.00,144.00,41000,5914000
6374-O,TCM,大証1部,,,,,0,0
6375-T,日コンベヤ,東証1部,90.00,91.00,90.00,90.00,34000,3061000
6375-O,日コンベヤ,大証1部,,,,,0,0
6376-T,日機装,東証1部,731.00,735.00,719.00,731.00,32000,23327000
6378-T,木村化,東証1部,1041.00,1083.00,1039.00,1080.00,472000,502754300
6378-O,木村化,大証1部,,,,,0,0
6379-T,新興プラン,東証1部,892.00,909.00,887.00,903.00,271200,244202000
6380-O,オリチエン,大証2部,76.00,76.00,75.00,76.00,22000,1656000
6381-T,アネスト岩田,東証1部,324.00,324.00,316.00,323.00,42000,13520000
6382-T,トリニ工,東証2部,485.00,485.00,485.00,485.00,1000,485000
6383-T,ダイフク,東証1部,648.00,653.00,639.00,652.00,278500,179985500
6383-O,ダイフク,大証1部,,,,,0,0
6384-J,昭和真空,JQ,641.00,641.00,630.00,635.00,5200,3305500
6387-J,サムコ,JQ,915.00,940.00,915.00,940.00,2500,2298000
6390-T,加藤製,東証1部,228.00,229.00,226.00,229.00,199000,45272000
6391-O,加地テック,大証2部,208.00,210.00,206.00,206.00,9000,1875000
6392-T,ヤマダ,東証2部,,,,,0,0
6393-T,油研工,東証1部,156.00,157.00,155.00,156.00,42000,6543000
6395-T,タダノ,東証1部,459.00,472.00,451.00,471.00,548000,253902000
6396-T,宇野鉄,東証2部,144.00,144.00,141.00,143.00,10000,1423000
6397-O,郷鉄工,大証2部,,,,,0,0
6400-J,不二精機,JQ,90.00,91.00,90.00,91.00,22100,1992700
6401-J,プラステック,JQ,,,,,0,0
6402-O,兼松エンジ,大証2部,,,,,0,0
6403-J,水道機,JQ,176.00,176.00,176.00,176.00,1000,176000
6405-J,鈴茂器工,JQ,512.00,512.00,512.00,512.00,200,102400
6406-T,フジテック,東証1部,527.00,529.00,523.00,529.00,105000,55257000
6406-O,フジテック,大証1部,,,,,0,0
6407-T,CKD,東証1部,524.00,536.00,523.00,534.00,125500,66628200
6408-J,小倉クラ,JQ,,,,,0,0
6409-T,キトー,東証1部,99800.00,100400.00,99800.00,100100.00,9,899900
6411-J,中野冷,JQ,,,,,0,0
6412-T,平和,東証1部,1042.00,1044.00,1036.00,1042.00,125200,130134100
6413-T,理想科,東証1部,1249.00,1263.00,1243.00,1259.00,20200,25347100
6414-J,川重冷,JQ,,,,,0,0
6416-J,桂川電,JQ,285.00,285.00,285.00,285.00,1000,285000
6417-T,SANKYO,東証1部,5680.00,5690.00,5640.00,5680.00,105700,599311000
6418-T,金銭機,東証1部,891.00,895.00,891.00,895.00,300,268100
6418-O,金銭機,大証1部,882.00,894.00,880.00,894.00,8100,7203100
6419-T,マース,東証1部,3050.00,3050.00,3000.00,3030.00,19300,58349000
6420-T,福島工業,東証1部,784.00,790.00,776.00,790.00,3900,3060000
6420-O,福島工業,大証1部,,,,,0,0
6421-T,キヤノンFT,東証1部,1125.00,1142.00,1123.00,1137.00,33200,37609600
6423-T,ABILIT,東証1部,134.00,137.00,134.00,137.00,300,40500
6423-O,ABILIT,大証1部,135.00,136.00,134.00,134.00,12900,1740900
6424-J,高見サイ,JQ,,,,,0,0
6425-J,アルゼ,JQ,1009.00,1024.00,1007.00,1010.00,19100,19345400
6428-T,オーイズミ,東証1部,232.00,232.00,230.00,232.00,3300,764200
6429-J,タイヨーエレック,JQ,557.00,570.00,557.00,570.00,4400,2481800
6430-T,ダイコク電,東証1部,1652.00,1655.00,1632.00,1649.00,16000,26275900
6432-J,竹内製作,JQ,960.00,961.00,946.00,946.00,49600,47238100
6433-J,ヒーハイスト,JQ,100.00,100.00,100.00,100.00,1000,100000
6436-T,アマノ,東証1部,840.00,845.00,838.00,843.00,64200,53966600
6436-O,アマノ,大証1部,,,,,0,0
6437-T,三条機,東証2部,,,,,0,0
6440-T,JUKI,東証1部,132.00,138.00,129.00,134.00,8623000,1155443000
6443-T,東洋製,東証2部,152.00,152.00,152.00,152.00,5000,760000
6444-T,サンデン,東証1部,291.00,294.00,290.00,292.00,465000,135619000
6445-T,蛇の目,東証1部,79.00,80.00,77.00,78.00,1121000,88124000
6448-T,ブラザー,東証1部,922.00,932.00,917.00,927.00,276200,255103000
6448-O,ブラザー,大証1部,,,,,0,0
6453-T,シルバ精,東証1部,9.00,9.00,8.00,8.00,197000,1675000
6454-T,マックス,東証1部,1006.00,1007.00,998.00,1005.00,52000,52193000
6455-T,モリタHD,東証1部,503.00,504.00,497.00,501.00,62000,31156000
6455-O,モリタHD,大証1部,,,,,0,0
6457-T,グローリー,東証1部,2045.00,2055.00,2035.00,2055.00,1400,2865500
6457-O,グローリー,大証1部,2050.00,2060.00,2030.00,2060.00,104800,214707500
6458-O,シンコウ工,大証2部,370.00,373.00,360.00,373.00,45000,16509000
6459-T,大和冷,東証1部,498.00,505.00,493.00,505.00,84000,41962000
6459-O,大和冷,大証1部,,,,,0,0
6460-T,セガサミーHD,東証1部,1223.00,1238.00,1221.00,1224.00,644400,791914600
6461-T,日ピストン,東証1部,115.00,117.00,115.00,117.00,73000,8450000
6462-T,リケン,東証1部,310.00,311.00,307.00,310.00,435000,134618000
6463-T,TPR,東証1部,416.00,423.00,416.00,418.00,35300,14777700
6465-T,ホシザキ,東証1部,1210.00,1220.00,1200.00,1204.00,115000,138928900
6466-T,トウアバルブ,東証2部,2190.00,2200.00,2180.00,2185.00,5100,11153000
6466-O,トウアバルブ,大証2部,,,,,0,0
6467-J,ニチダイ,JQ,197.00,204.00,197.00,204.00,6400,1277300
6469-J,放電精密,JQ,663.00,667.00,660.00,667.00,5200,3444400
6470-T,大豊工業,東証1部,709.00,711.00,701.00,707.00,12100,8556300
6471-T,日精工,東証1部,617.00,617.00,609.00,613.00,2090000,1278556000
6471-O,日精工,大証1部,,,,,0,0
6472-T,NTN,東証1部,449.00,451.00,443.00,448.00,2529000,1130726000
6472-O,NTN,大証1部,,,,,0,0
6473-T,ジェイテクト,東証1部,1167.00,1177.00,1154.00,1173.00,842700,984291500
6473-O,ジェイテクト,大証1部,,,,,0,0
6474-T,不二越,東証1部,216.00,220.00,216.00,219.00,300000,65500000
6476-J,富士テクニカ,JQ,209.00,209.00,203.00,203.00,119000,24864000
6478-O,ダイベア,大証2部,,,,,0,0
6479-T,ミネベア,東証1部,430.00,433.00,426.00,431.00,785000,337431000
6479-O,ミネベア,大証1部,,,,,0,0
6480-T,日トムソン,東証1部,555.00,560.00,552.00,557.00,184000,102219000
6481-T,THK,東証1部,1762.00,1787.00,1754.00,1783.00,237400,420792500
6482-T,ユーシン精機,東証1部,1578.00,1612.00,1569.00,1595.00,11900,18826600
6482-O,ユーシン精機,大証1部,,,,,0,0
6484-J,KVK,JQ,215.00,215.00,215.00,215.00,3000,645000
6485-T,前澤給,東証1部,1490.00,1510.00,1490.00,1497.00,4500,6747500
6486-T,イーグル,東証1部,508.00,508.00,502.00,508.00,47000,23742000
6487-O,積水工,大証2部,,,,,0,0
6488-J,ヨシタケ,JQ,570.00,570.00,570.00,570.00,300,171000
6489-T,前沢工,東証1部,231.00,231.00,228.00,229.00,9800,2247100
6490-T,日ピラー,東証1部,429.00,429.00,424.00,428.00,13000,5559000
6490-O,日ピラー,大証1部,,,,,0,0
6492-T,岡野バル,東証2部,1069.00,1120.00,1057.00,1106.00,27000,29525000
6492-F,岡野バル,福証,,,,,0,0
6493-T,日鍛バル,東証2部,363.00,366.00,363.00,363.00,10000,3642700
6494-J,NFK-HD,JQ,51.00,52.00,50.00,52.00,114300,5770700
6495-T,宮入バル,東証2部,50.00,50.00,49.00,49.00,47900,2359200
6496-O,中北製,大証2部,724.00,730.00,724.00,730.00,2000,1454000
6497-J,ハマイ,JQ,,,,,0,0
6498-T,キッツ,東証1部,410.00,412.00,407.00,408.00,194000,79404000
6501-T,日立,東証1部,323.00,325.00,321.00,322.00,18116000,5850436000
6501-O,日立,大証1部,,,,,0,0
6501-S,日立,札証,,,,,0,0
6501-F,日立,福証,,,,,0,0
6502-T,東芝,東証1部,471.00,472.00,468.00,471.00,23897000,11241234000
6502-O,東芝,大証1部,,,,,0,0
6503-T,三菱電,東証1部,690.00,691.00,685.00,690.00,4187000,2879369000
6503-O,三菱電,大証1部,,,,,0,0
6504-T,富士電HD,東証1部,188.00,190.00,185.00,189.00,3707000,695547000
6504-O,富士電HD,大証1部,,,,,0,0
6504-F,富士電HD,福証,,,,,0,0
6505-T,東洋電,東証1部,824.00,843.00,820.00,840.00,305000,254087000
6506-T,安川電,東証1部,680.00,683.00,675.00,682.00,771000,523652000
6506-F,安川電,福証,,,,,0,0
6507-T,シンフォニア,東証1部,228.00,233.00,228.00,232.00,294000,67933000
6508-T,明電舎,東証1部,546.00,548.00,542.00,546.00,3567000,1942730000
6508-O,明電舎,大証1部,,,,,0,0
6513-T,オリジン,東証1部,269.00,272.00,268.00,272.00,41000,11051000
6516-T,山洋電,東証2部,415.00,433.00,408.00,432.00,124000,52308000
6517-T,デンヨー,東証1部,775.00,790.00,771.00,780.00,18700,14618800
6518-J,三相電機,JQ,,,,,0,0
6581-T,日立工,東証1部,992.00,995.00,985.00,992.00,174800,173040100
6581-O,日立工,大証1部,,,,,0,0
6584-T,三桜工,東証1部,609.00,615.00,604.00,610.00,32100,19546300
6585-T,電産サーボ,東証2部,511.00,511.00,510.00,510.00,10000,5109000
6586-T,マキタ,東証1部,2685.00,2695.00,2655.00,2680.00,350200,936652000
6588-T,東芝テック,東証1部,408.00,409.00,404.00,407.00,186000,75602000
6590-T,芝浦メカ,東証1部,346.00,347.00,343.00,345.00,134000,46212000
6591-T,西芝電,東証2部,183.00,184.00,181.00,183.00,37000,6744000
6591-O,西芝電,大証2部,,,,,0,0
6592-T,マブチ,東証1部,4720.00,4780.00,4700.00,4770.00,52900,250808000
6593-J,ローヤル電,JQ,,,,,0,0
6594-T,日電産,東証1部,6730.00,6760.00,6730.00,6760.00,4600,31019000
6594-O,日電産,大証1部,6740.00,6770.00,6720.00,6750.00,184300,1243089000
6621-T,高岳製,東証1部,332.00,333.00,329.00,333.00,734000,243005000
6621-O,高岳製,大証1部,,,,,0,0
6622-T,ダイヘン,東証1部,356.00,361.00,356.00,359.00,283000,101473000
6622-O,ダイヘン,大証1部,,,,,0,0
6622-F,ダイヘン,福証,,,,,0,0
6624-O,田淵電,大証2部,227.00,237.00,226.00,233.00,361000,83628000
6632-T,JVCKWHD,東証1部,52.00,53.00,52.00,53.00,1299200,68395800
6633-J,アルファHD,JQ,164.00,164.00,164.00,164.00,200,32800
6634-J,netindex,JQ,,,,,0,0
6635-J,大日光,JQ,,,,,0,0
6636-J,シスウェーブ,JQ,3400.00,3400.00,3400.00,3400.00,10,34000
6637-J,寺崎電気,JQ,475.00,475.00,464.00,469.00,800,374900
6638-J,Mimaki,JQ,,,,,0,0
6639-T,コンテック,東証2部,733.00,770.00,700.00,700.00,3800,2787500
6640-J,第一精工,JQ,3770.00,4140.00,3770.00,4140.00,113500,455869000
6641-T,日新電,東証1部,524.00,527.00,516.00,518.00,360000,187524000
6641-O,日新電,大証1部,,,,,0,0
6643-T,戸上電,東証2部,,,,,0,0
6644-T,大崎電,東証1部,1005.00,1005.00,998.00,999.00,83000,83061000
6645-T,オムロン,東証1部,1577.00,1614.00,1569.00,1614.00,7100,11375800
6645-O,オムロン,大証1部,1574.00,1633.00,1563.00,1628.00,815100,1297639700
6646-O,エナジサポ,大証2部,,,,,0,0
6647-T,森尾電,東証2部,,,,,0,0
6648-J,かわでん,JQ,104800.00,104800.00,104100.00,104100.00,2,208900
6651-T,日東工,東証1部,860.00,878.00,860.00,875.00,52500,45756400
6652-T,IDEC,東証1部,773.00,792.00,766.00,785.00,34100,26434800
6652-O,IDEC,大証1部,,,,,0,0
6653-F,正興電,福証,,,,,0,0
6654-T,不二電機,東証2部,,,,,0,0
6656-T,インスペック,東証マザーズ,26700.00,29500.00,26700.00,29500.00,58,1587500
6657-J,ニッポ電機,JQ,412.00,412.00,411.00,411.00,200,82300
6658-J,シライ電子,JQ,161.00,164.00,160.00,160.00,2700,434700
6659-J,メディアGL,JQ,26500.00,26500.00,26000.00,26300.00,107,2814000
6660-S,インネクスト,札証アンビシャス,11370.00,11700.00,11370.00,11700.00,6,69090
6661-H,オプテクスFA,HCスタンダード,67000.00,68800.00,67000.00,68800.00,4,270900
6662-H,ユビテック,HCスタンダード,34800.00,35200.00,33800.00,35000.00,127,4343150
6663-J,太洋工業,JQ,,,,,0,0
6664-J,オプトエレクト,JQ,344.00,347.00,340.00,345.00,5900,2030100
6665-T,エルピーダ,東証1部,1509.00,1510.00,1482.00,1500.00,1781300,2665862400
6666-J,リバーエレテク,JQ,254.00,258.00,240.00,258.00,4100,1029400
6667-T,シコー,東証マザーズ,38800.00,39200.00,37800.00,39200.00,38,1462450
6668-T,プラズマ,東証マザーズ,107400.00,111500.00,107400.00,108300.00,6,649800
6669-J,シーシーエス,JQ,,,,,0,0
6670-T,MCJ,東証マザーズ,11280.00,11330.00,11110.00,11250.00,2312,25931500
6671-J,アーム電子,JQ,166.00,171.00,166.00,171.00,900,152400
6672-T,レイテックス,東証マザーズ,115.00,115.00,113.00,114.00,22100,2512800
6674-T,GSユアサ,東証1部,837.00,847.00,831.00,843.00,7738000,6498081000
6674-O,GSユアサ,大証1部,,,,,0,0
6675-T,サクサ,東証1部,216.00,216.00,214.00,214.00,31000,6661000
6676-T,メルコ,東証1部,1722.00,1730.00,1700.00,1723.00,73300,125612300
6677-J,エスケーエレク,JQ,50500.00,50600.00,50300.00,50300.00,17,858600
6678-T,テクノメディカ,東証1部,291000.00,292500.00,291000.00,292500.00,5,1456700
6679-J,SILEX,JQ,40800.00,40900.00,40800.00,40900.00,3,122500
6701-T,NEC,東証1部,333.00,334.00,329.00,331.00,9988000,3311701000
6701-O,NEC,大証1部,,,,,0,0
6701-S,NEC,札証,,,,,0,0
6701-F,NEC,福証,,,,,0,0
6702-T,富士通,東証1部,633.00,636.00,623.00,636.00,8017000,5056968000
6702-O,富士通,大証1部,,,,,0,0
6703-T,OKI,東証1部,99.00,100.00,99.00,99.00,918000,91162000
6703-O,OKI,大証1部,,,,,0,0
6704-T,岩崎通,東証1部,101.00,102.00,100.00,100.00,74000,7455000
6706-T,電気興,東証1部,470.00,471.00,468.00,468.00,68000,31919000
6707-T,サンケン電,東証1部,344.00,344.00,341.00,344.00,329000,112807000
6709-T,明星電,東証2部,101.00,101.00,99.00,100.00,94000,9409000
6715-T,ナカヨ通,東証1部,215.00,215.00,213.00,213.00,11000,2357000
6716-J,テクニカル電,JQ,160.00,163.00,160.00,163.00,5000,805000
6718-T,アイホン,東証1部,1601.00,1613.00,1600.00,1606.00,4200,6749200
6719-T,富通コンポ,東証2部,,,,,0,0
6721-T,ウインテスト,東証マザーズ,28500.00,28500.00,25900.00,27500.00,231,6480440
6722-J,A&T,JQ,400.00,435.00,400.00,435.00,4500,1894900
6723-T,NECエレ,東証1部,949.00,949.00,926.00,941.00,677100,634068900
6724-T,エプソン,東証1部,1366.00,1378.00,1359.00,1373.00,857500,1174270600
6727-T,ワコム,東証1部,189100.00,190000.00,187400.00,190000.00,1358,256510800
6728-T,アルバック,東証1部,2665.00,2680.00,2650.00,2675.00,192900,513408000
6729-J,オンキヨー,JQ,74.00,74.00,74.00,74.00,51200,3788800
6730-T,アクセル,東証2部,3650.00,3650.00,3590.00,3600.00,11900,43014000
6731-T,ピクセラ,東証1部,215.00,221.00,215.00,221.00,17400,3801500
6734-J,ニューテック,JQ,,,,,0,0
6736-J,サン電子,JQ,445.00,448.00,442.00,448.00,3700,1644100
6737-T,ナナオ,東証1部,2155.00,2170.00,2150.00,2165.00,8300,17905500
6738-J,東研,JQ,99.00,99.00,99.00,99.00,3000,297000
6741-T,日信号,東証1部,930.00,931.00,924.00,928.00,262800,243941500
6741-O,日信号,大証1部,,,,,0,0
6742-T,京三製,東証1部,444.00,445.00,438.00,442.00,188000,82969000
6742-O,京三製,大証1部,,,,,0,0
6743-T,大同信,東証2部,,,,,0,0
6744-T,能美防,東証1部,788.00,789.00,783.00,783.00,23000,18063000
6745-T,ホーチキ,東証1部,557.00,557.00,552.00,554.00,11000,6093000
6747-T,小糸工,東証2部,396.00,396.00,395.00,395.00,2000,791000
6748-O,星和電,大証2部,450.00,455.00,450.00,450.00,3000,1355000
6749-T,マスプロ,東証1部,856.00,856.00,851.00,854.00,7200,6142800
6750-J,エレコム,JQ,480.00,482.00,479.00,482.00,2200,1056600
6751-T,日無線,東証1部,244.00,245.00,242.00,243.00,206000,50169000
6752-T,パナソニック,東証1部,1465.00,1478.00,1456.00,1478.00,2285600,3355944300
6752-O,パナソニック,大証1部,,,,,0,0
6753-T,シャープ,東証1部,1053.00,1060.00,1042.00,1060.00,2749000,2892745000
6753-O,シャープ,大証1部,,,,,0,0
6753-S,シャープ,札証,,,,,0,0
6753-F,シャープ,福証,,,,,0,0
6754-T,アンリツ,東証1部,367.00,367.00,363.00,365.00,130000,47501000
6755-T,富通ゼネ,東証1部,318.00,321.00,316.00,320.00,168000,53626000
6755-O,富通ゼネ,大証1部,,,,,0,0
6756-T,日立国際,東証1部,708.00,709.00,698.00,705.00,360000,252779000
6756-O,日立国際,大証1部,,,,,0,0
6757-J,OSGコーポ,JQ,226.00,227.00,226.00,227.00,200,45300
6758-T,ソニー,東証1部,2520.00,2530.00,2505.00,2525.00,3213100,8095290000
6758-O,ソニー,大証1部,2510.00,2525.00,2510.00,2525.00,2900,7297000
6762-T,TDK,東証1部,5400.00,5450.00,5380.00,5420.00,457000,2476211000
6763-T,帝通工,東証1部,255.00,259.00,254.00,258.00,16000,4094000
6763-O,帝通工,大証1部,,,,,0,0
6764-T,三洋電,東証1部,255.00,259.00,254.00,257.00,14145000,3629933000
6764-O,三洋電,大証1部,,,,,0,0
6766-T,宮越商,東証1部,665.00,675.00,657.00,659.00,7600,5019700
6766-O,宮越商,大証1部,,,,,0,0
6767-T,ミツミ,東証1部,2140.00,2145.00,2110.00,2115.00,946200,2012121000
6767-O,ミツミ,大証1部,,,,,0,0
6768-T,タムラ製,東証1部,353.00,353.00,349.00,352.00,203000,71172000
6769-J,ザイン,JQ,220600.00,224000.00,219500.00,224000.00,79,17421300
6770-T,アルプス,東証1部,541.00,543.00,536.00,539.00,844700,455432100
6771-T,池上通,東証1部,88.00,89.00,88.00,89.00,21000,1850000
6772-T,コスモス電,東証2部,120.00,121.00,119.00,119.00,30000,3601000
6773-T,パイオニア,東証1部,294.00,297.00,291.00,296.00,2280700,671469700
6775-T,東和メクス,東証2部,36.00,38.00,36.00,37.00,61000,2256000
6776-T,天昇電,東証2部,,,,,0,0
6777-H,santec,HCスタンダード,208.00,217.00,208.00,217.00,4200,879400
6778-T,アルチザ,東証マザーズ,48000.00,49000.00,47200.00,47250.00,139,6687600
6779-T,日電波,東証1部,2110.00,2130.00,2105.00,2130.00,63800,135368500
6784-J,プラネックス,JQ,26700.00,26900.00,26500.00,26900.00,60,1597820
6785-J,鈴木,JQ,500.00,500.00,492.00,499.00,2600,1286400
6786-T,リアルビジョ,東証マザーズ,39400.00,40500.00,38700.00,39100.00,64,2550500
6787-J,メイコー,JQ,2000.00,2000.00,1985.00,1986.00,9500,18921200
6788-T,日本トリム,東証1部,1852.00,1852.00,1847.00,1848.00,1350,2496350
6789-T,ローランドDG,東証1部,1320.00,1324.00,1312.00,1318.00,15500,20451000
6790-T,ノダスクリーン,東証2部,36450.00,36450.00,35600.00,36200.00,18,648750
6791-T,コロムビアME,東証1部,40.00,41.00,40.00,41.00,69000,2814000
6793-T,山水電,東証1部,6.00,7.00,6.00,6.00,1352000,9258000
6793-O,山水電,大証1部,,,,,0,0
6794-T,フォスタ電,東証1部,1830.00,1845.00,1816.00,1832.00,78200,143120400
6796-T,クラリオン,東証1部,96.00,97.00,95.00,97.00,1283000,122928000
6796-O,クラリオン,大証1部,,,,,0,0
6798-T,SMK,東証1部,589.00,595.00,585.00,592.00,448000,264035000
6800-T,ヨコオ,東証1部,543.00,547.00,540.00,545.00,14500,7880200
6801-T,東光,東証1部,166.00,177.00,166.00,176.00,1018000,176371000
6803-T,ティアック,東証1部,49.00,50.00,49.00,49.00,187000,9193000
6804-T,ホシデン,東証1部,1404.00,1413.00,1404.00,1408.00,3700,5201100
6804-O,ホシデン,大証1部,1405.00,1414.00,1397.00,1411.00,225400,316830300
6806-T,ヒロセ電,東証1部,11320.00,11390.00,11270.00,11390.00,25900,293695000
6807-T,航空電,東証1部,593.00,593.00,586.00,590.00,225000,132849000
6809-T,TOA,東証1部,605.00,608.00,604.00,608.00,28000,16950000
6809-O,TOA,大証1部,,,,,0,0
6810-T,マクセル,東証1部,1732.00,1733.00,1732.00,1733.00,532500,922584300
6810-O,マクセル,大証1部,,,,,0,0
6812-J,ジャルコ,JQ,32.00,34.00,32.00,33.00,186000,6128000
6814-O,古野電,大証1部,548.00,550.00,546.00,550.00,5900,3230900
6815-T,ユニデン,東証1部,272.00,274.00,269.00,274.00,173000,46879000
6816-T,アルパイン,東証1部,913.00,918.00,906.00,918.00,135800,123958500
6817-T,スミダコーポ,東証1部,663.00,674.00,663.00,673.00,58600,39176100
6818-T,島田理,東証2部,153.00,154.00,153.00,154.00,11400,1746200
6819-J,オメガHD,JQ,8.00,9.00,8.00,8.00,215000,1733200
6820-T,アイコム,東証1部,2165.00,2180.00,2165.00,2175.00,2900,6299500
6820-O,アイコム,大証1部,,,,,0,0
6822-J,大井電気,JQ,163.00,165.00,163.00,165.00,14000,2286000
6823-T,リオン,東証2部,485.00,486.00,485.00,486.00,600,291500
6824-J,新コスモス,JQ,,,,,0,0
6826-T,本多通信,東証2部,353.00,354.00,353.00,354.00,600,211900
6832-T,アオイ電子,東証2部,1568.00,1580.00,1552.00,1580.00,4700,7356500
6833-O,電産リード,大証2部,,,,,0,0
6834-J,精工技研,JQ,899.00,899.00,890.00,890.00,2000,1784400
6835-T,アライドHD,東証2部,57.00,58.00,56.00,57.00,152900,8697600
6836-T,プラットホーム,東証マザーズ,58100.00,58100.00,58100.00,58100.00,1,58100
6837-J,京写,JQ,125.00,126.00,125.00,126.00,5000,628000
6838-J,多摩川HD,JQ,170.00,170.00,170.00,170.00,4000,680000
6839-T,船井電機,東証1部,3700.00,3700.00,3660.00,3700.00,400,1474000
6839-O,船井電機,大証1部,3690.00,3720.00,3660.00,3710.00,97000,358300000
6840-J,アドテック,JQ,105.00,105.00,103.00,103.00,5000,519000
6841-T,横河電,東証1部,814.00,814.00,804.00,810.00,583000,471500300
6842-T,ユニパルス,東証2部,444.00,444.00,439.00,440.00,1500,661300
6844-T,新電元,東証1部,226.00,232.00,225.00,230.00,489000,112043000
6845-T,山武,東証1部,1883.00,1896.00,1863.00,1896.00,210900,397469700
6848-T,東亜DKK,東証2部,208.00,209.00,208.00,209.00,16000,3331000
6849-T,日光電,東証1部,1470.00,1490.00,1458.00,1488.00,182600,269979300
6850-T,チノー,東証1部,255.00,264.00,254.00,263.00,141000,36685000
6852-J,テクノセブン,JQ,,,,,0,0
6853-T,共和電,東証1部,275.00,275.00,275.00,275.00,1000,275000
6855-T,電子材料,東証1部,662.00,679.00,654.00,679.00,6200,4135600
6856-T,堀場製,東証1部,2115.00,2135.00,2105.00,2135.00,104400,221100000
6856-O,堀場製,大証1部,,,,,0,0
6857-T,アドバンテ,東証1部,2345.00,2350.00,2320.00,2340.00,949600,2217087500
6858-T,小野測,東証1部,401.00,403.00,401.00,403.00,8000,3215000
6859-T,エスペック,東証1部,611.00,614.00,602.00,613.00,31100,18942700
6859-O,エスペック,大証1部,,,,,0,0
6860-T,SUNX,東証1部,325.00,335.00,325.00,335.00,24900,8218600
6861-T,キーエンス,東証1部,19380.00,19570.00,19300.00,19520.00,115700,2253020000
6861-O,キーエンス,大証1部,,,,,0,0
6862-J,ミナトエレ,JQ,,,,,0,0
6863-J,ニレコ,JQ,770.00,770.00,750.00,750.00,1700,1286000
6864-J,NF回路,JQ,,,,,0,0
6866-T,日置電,東証1部,1814.00,1830.00,1786.00,1804.00,3900,7029200
6867-J,リーダー電,JQ,,,,,0,0
6868-J,東カソード,JQ,,,,,0,0
6869-T,シスメックス,東証1部,4260.00,4260.00,4200.00,4230.00,93700,395406000
6869-O,シスメックス,大証1部,,,,,0,0
6870-J,フェンオール,JQ,565.00,571.00,565.00,571.00,200,113600
6871-J,マイクロニクス,JQ,1737.00,1737.00,1710.00,1717.00,41700,71685000
6874-J,協立電機,JQ,,,,,0,0
6875-T,メガチップス,東証1部,2120.00,2135.00,2110.00,2135.00,65500,139000000
6876-J,光波,JQ,870.00,888.00,870.00,888.00,3200,2807600
6877-T,OBARA,東証1部,770.00,770.00,765.00,766.00,18200,13969900
6878-T,長野日無,東証2部,156.00,156.00,156.00,156.00,5000,780000
6879-J,フォトロン,JQ,,,,,0,0
6881-T,キョウデン,東証2部,140.00,140.00,136.00,137.00,3100,425600
6882-O,三社電機,大証2部,472.00,473.00,471.00,473.00,9000,4253000
6883-T,電産コ電,東証1部,514.00,518.00,512.00,518.00,3100,1596700
6885-T,ミヤチテクノス,東証1部,705.00,715.00,702.00,711.00,26600,18847200
6888-J,アクモス,JQ,8200.00,8200.00,7260.00,7820.00,599,4486030
6889-J,オーデリック,JQ,590.00,592.00,588.00,588.00,1400,825300
6890-J,フェローテック,JQ,1152.00,1158.00,1140.00,1158.00,228900,263379700
6891-J,イーター電機,JQ,118.00,121.00,118.00,121.00,13000,1561000
6893-J,タイテック,JQ,295.00,296.00,291.00,296.00,400,117300
6894-T,パルステック,東証2部,110.00,116.00,108.00,116.00,597000,68032000
6895-O,ダイヤ電機,大証2部,,,,,0,0
6897-T,ツインバード,東証2部,131.00,131.00,131.00,131.00,3000,393000
6898-J,トミタ電機,JQ,,,,,0,0
6899-T,ASTI,東証2部,,,,,0,0
6900-T,東京電波,東証1部,640.00,640.00,622.00,635.00,18800,11895500
6901-T,沢藤電,東証1部,168.00,168.00,168.00,168.00,3000,504000
6902-T,デンソー,東証1部,2815.00,2825.00,2800.00,2815.00,1536400,4320918500
6902-O,デンソー,大証1部,2815.00,2815.00,2815.00,2815.00,100,281500
6904-J,原田工業,JQ,113.00,113.00,112.00,113.00,17000,1917000
6905-T,コーセル,東証1部,1086.00,1128.00,1085.00,1098.00,53100,58438400
6907-J,ジオマテック,JQ,1150.00,1250.00,1142.00,1250.00,32600,39201900
6908-J,イリソ電子,JQ,1350.00,1353.00,1331.00,1352.00,9500,12785400
6910-T,日立メデ,東証1部,885.00,885.00,880.00,884.00,12000,10579000
6911-T,新日無,東証1部,267.00,267.00,261.00,266.00,35000,9271000
6912-J,菊水電,JQ,356.00,356.00,341.00,341.00,900,311400
6914-T,オプテックス,東証1部,1126.00,1131.00,1122.00,1128.00,29200,32935400
6915-T,千代インテ,東証1部,1072.00,1082.00,1072.00,1082.00,31500,33939900
6916-J,アイオデータ,JQ,469.00,469.00,460.00,468.00,7100,3309800
6918-J,アバール,JQ,534.00,544.00,534.00,540.00,500,269600
6919-J,ケル,JQ,186.00,186.00,186.00,186.00,1000,186000
6920-J,レーザーテク,JQ,885.00,894.00,880.00,894.00,7600,6709800
6921-T,東光電,東証1部,516.00,523.00,506.00,511.00,85000,43695000
6922-J,昭和情,JQ,233.00,233.00,230.00,231.00,10000,2314000
6923-T,スタンレ電,東証1部,1885.00,1888.00,1863.00,1885.00,351000,659459500
6924-T,岩崎電,東証1部,224.00,225.00,222.00,224.00,226000,50514000
6925-T,ウシオ電,東証1部,1682.00,1701.00,1667.00,1693.00,287800,485560300
6925-O,ウシオ電,大証1部,,,,,0,0
6926-T,OKAYA,東証1部,279.00,283.00,278.00,279.00,13200,3682000
6927-T,ヘリオステクノH,東証1部,200.00,202.00,200.00,202.00,900,180200
6927-J,ヘリオステクノH,JQ,201.00,202.00,200.00,202.00,4400,884600
6928-J,エノモト,JQ,,,,,0,0
6929-T,日セラミ,東証1部,1190.00,1220.00,1190.00,1220.00,800,960500
6929-O,日セラミ,大証1部,1178.00,1231.00,1177.00,1231.00,37100,44955400
6930-J,日アンテナ,JQ,593.00,594.00,590.00,594.00,1600,946200
6932-O,遠藤照,大証2部,239.00,239.00,234.00,234.00,9300,2209000
6934-T,新神戸,東証1部,1120.00,1170.00,1113.00,1151.00,1152000,1322968000
6934-O,新神戸,大証1部,,,,,0,0
6935-T,JDL,東証1部,1298.00,1311.00,1291.00,1300.00,56800,73901900
6937-T,古河池,東証1部,890.00,902.00,889.00,898.00,99000,88759000
6938-T,双信電,東証1部,466.00,495.00,465.00,480.00,65400,31357500
6939-J,UMCJ,JQ,8410.00,8600.00,8400.00,8600.00,232,1969820
6941-T,山一電,東証1部,229.00,229.00,226.00,227.00,35100,7994400
6942-J,ソフィアHD,JQ,95.00,99.00,95.00,99.00,7000,689000
6943-J,開閉器,JQ,375.00,375.00,370.00,370.00,4000,1487000
6944-J,アイレックス,JQ,63.00,63.00,62.00,63.00,56000,3510000
6945-T,FTEC,東証2部,939.00,940.00,939.00,940.00,1700,1597600
6946-T,日アビオ,東証2部,226.00,228.00,219.00,228.00,81000,18071000
6947-T,図研,東証1部,800.00,802.00,790.00,799.00,22000,17531200
6950-T,YEデータ,東証2部,155.00,155.00,155.00,155.00,3000,465000
6951-T,日電子,東証1部,451.00,451.00,444.00,451.00,79000,35440000
6952-T,カシオ,東証1部,842.00,848.00,840.00,847.00,800000,676121400
6954-T,ファナック,東証1部,7660.00,7680.00,7600.00,7670.00,456100,3491312000
6955-T,FDK,東証2部,147.00,148.00,144.00,147.00,2159000,315755000
6957-J,芝浦電子,JQ,1169.00,1215.00,1169.00,1215.00,1300,1540100
6958-T,日本CMK,東証1部,828.00,843.00,824.00,841.00,214500,178988400
6960-J,フクダ電,JQ,2470.00,2490.00,2450.00,2450.00,16800,41498500
6961-T,エンプラス,東証1部,1810.00,1870.00,1801.00,1849.00,112000,205526600
6962-O,大真空,大証1部,391.00,400.00,386.00,400.00,65000,25509000
6963-T,ローム,東証1部,6220.00,6260.00,6170.00,6260.00,12200,75623000
6963-O,ローム,大証1部,6230.00,6270.00,6190.00,6260.00,280900,1751290000
6964-T,サンコー,東証2部,,,,,0,0
6965-T,ホトニクス,東証1部,1846.00,1872.00,1838.00,1868.00,229100,425585300
6966-T,三井ハイテ,東証1部,1199.00,1217.00,1195.00,1209.00,104100,125677300
6966-F,三井ハイテ,福証,,,,,0,0
6967-T,新電工,東証1部,1623.00,1623.00,1602.00,1612.00,484400,780789600
6969-O,松尾電,大証2部,101.00,102.00,100.00,100.00,22000,2225000
6971-T,京セラ,東証1部,7520.00,7550.00,7460.00,7520.00,565500,4245438000
6971-O,京セラ,大証1部,7510.00,7610.00,7510.00,7610.00,200,1512000
6972-T,エルナー,東証2部,102.00,117.00,102.00,111.00,210000,23390000
6973-T,協栄産,東証1部,205.00,205.00,205.00,205.00,3000,615000
6974-T,日インター,東証1部,258.00,287.00,255.00,277.00,2559600,696541300
6976-T,太陽電,東証1部,1140.00,1143.00,1127.00,1139.00,1043000,1183382000
6977-T,抵抗器,東証2部,109.00,116.00,98.00,98.00,379000,41018000
6981-T,村田製,東証1部,4430.00,4440.00,4390.00,4440.00,5000,22117000
6981-O,村田製,大証1部,4410.00,4440.00,4380.00,4430.00,241100,1064460000
6982-T,リード,東証2部,94.00,102.00,87.00,89.00,569000,53925000
6985-T,ユーシン,東証1部,499.00,499.00,493.00,496.00,41400,20515800
6986-T,双葉電,東証1部,1592.00,1604.00,1582.00,1601.00,63600,101411100
6988-T,日東電,東証1部,2875.00,2885.00,2855.00,2880.00,563300,1617247500
6988-O,日東電,大証1部,,,,,0,0
6989-T,北電工,東証1部,184.00,186.00,183.00,186.00,158000,29200000
6991-T,パナ電工,東証1部,1085.00,1099.00,1080.00,1092.00,1601000,1740392000
6991-O,パナ電工,大証1部,,,,,0,0
6992-T,国産電,東証2部,224.00,224.00,224.00,224.00,1000,224000
6993-T,森電機,東証2部,14.00,15.00,14.00,15.00,177000,2519000
6994-T,指月電,東証2部,498.00,499.00,497.00,497.00,11000,5477000
6994-O,指月電,大証2部,,,,,0,0
6995-T,東海理化,東証1部,1735.00,1741.00,1722.00,1740.00,429900,745448900
6996-T,ニチコン,東証1部,1285.00,1297.00,1281.00,1296.00,411500,530771300
6996-O,ニチコン,大証1部,,,,,0,0
6997-T,日ケミコン,東証1部,349.00,354.00,345.00,354.00,408000,142909000
6998-T,日タングス,東証2部,149.00,153.00,149.00,153.00,9000,1362000
6998-F,日タングス,福証,,,,,0,0
6999-T,KOA,東証1部,899.00,916.00,899.00,910.00,67400,61275700
7003-T,三井造,東証1部,255.00,255.00,251.00,254.00,2188000,555093000
7003-O,三井造,大証1部,,,,,0,0
7003-S,三井造,札証,,,,,0,0
7003-F,三井造,福証,,,,,0,0
7004-T,日立造,東証1部,126.00,127.00,125.00,127.00,1241000,156209500
7004-O,日立造,大証1部,,,,,0,0
7007-T,佐世保,東証1部,199.00,199.00,198.00,198.00,259000,51487000
7007-O,佐世保,大証1部,,,,,0,0
7007-F,佐世保,福証,,,,,0,0
7011-T,三菱重,東証1部,391.00,396.00,385.00,392.00,29244000,11436358000
7011-O,三菱重,大証1部,,,,,0,0
7011-S,三菱重,札証,,,,,0,0
7011-F,三菱重,福証,,,,,0,0
7012-T,川重,東証1部,246.00,247.00,243.00,245.00,9974000,2445485000
7012-O,川重,大証1部,,,,,0,0
7013-T,IHI,東証1部,189.00,195.00,187.00,191.00,23284000,4472713000
7013-O,IHI,大証1部,,,,,0,0
7013-S,IHI,札証,,,,,0,0
7013-F,IHI,福証,,,,,0,0
7014-O,名村造,大証1部,624.00,629.00,617.00,619.00,68700,42723900
7018-T,内海造,東証2部,345.00,345.00,339.00,339.00,14000,4772000
7018-O,内海造,大証2部,,,,,0,0
7020-O,サノヤスヒシノ,大証1部,350.00,352.00,349.00,349.00,22400,7825700
7021-T,ニッチツ,東証2部,238.00,238.00,238.00,238.00,1000,238000
7102-T,日車輌,東証1部,618.00,623.00,615.00,623.00,325000,200894000
7105-T,ニチユ,東証1部,238.00,243.00,238.00,243.00,20000,4824000
7105-O,ニチユ,大証1部,,,,,0,0
7122-T,近畿車,東証1部,868.00,874.00,858.00,869.00,277000,240223000
7122-O,近畿車,大証1部,,,,,0,0
7201-T,日産自,東証1部,669.00,673.00,666.00,670.00,9002200,6027673400
7202-T,いすゞ,東証1部,210.00,214.00,206.00,213.00,19914000,4169724000
7203-T,トヨタ,東証1部,4020.00,4040.00,4000.00,4040.00,3709200,14931096000
7203-O,トヨタ,大証1部,4010.00,4010.00,4010.00,4010.00,100,401000
7203-S,トヨタ,札証,,,,,0,0
7203-F,トヨタ,福証,,,,,0,0
7205-T,日野自,東証1部,396.00,398.00,392.00,397.00,1483000,586815000
7208-O,カネミツ,大証2部,316.00,316.00,316.00,316.00,500,158000
7211-T,三菱自,東証1部,168.00,170.00,167.00,170.00,11084000,1868382000
7211-O,三菱自,大証1部,,,,,0,0
7212-T,エフテック,東証1部,854.00,867.00,854.00,858.00,5000,4301600
7213-T,レシップ,東証2部,796.00,796.00,795.00,796.00,1600,1273100
7214-O,GMB,大証2部,620.00,633.00,620.00,630.00,5100,3205200
7217-J,テイン,JQ,,,,,0,0
7218-J,田中精密,JQ,549.00,558.00,549.00,558.00,1400,771000
7219-J,HKS,JQ,,,,,0,0
7220-T,武蔵精密,東証1部,1770.00,1787.00,1760.00,1785.00,61600,109278000
7221-T,トヨ車,東証1部,1849.00,1856.00,1828.00,1856.00,137100,252894600
7222-T,産車体,東証1部,758.00,766.00,755.00,766.00,235000,178852000
7223-T,関東自,東証1部,827.00,830.00,824.00,829.00,239900,198449300
7224-T,新明和,東証1部,369.00,371.00,368.00,368.00,80000,29579000
7224-O,新明和,大証1部,,,,,0,0
7226-T,極東開,東証1部,380.00,383.00,379.00,380.00,29100,11066900
7226-O,極東開,大証1部,,,,,0,0
7228-J,デイトナ,JQ,633.00,633.00,633.00,633.00,100,63300
7229-J,ユタカ技研,JQ,1100.00,1110.00,1100.00,1100.00,1100,1212100
7230-T,日信工業,東証1部,1230.00,1244.00,1224.00,1243.00,206700,255057200
7231-T,トピー,東証1部,230.00,234.00,226.00,234.00,418000,96398000
7231-O,トピー,大証1部,,,,,0,0
7233-T,自部品,東証2部,159.00,170.00,159.00,159.00,37000,6040000
7235-T,東ラヂエタ,東証2部,176.00,177.00,170.00,172.00,121100,20682700
7236-T,ティラド,東証1部,260.00,264.00,257.00,261.00,206000,53587000
7238-T,曙ブレーキ,東証1部,735.00,768.00,725.00,764.00,105000,78755700
7239-T,タチエス,東証1部,849.00,860.00,842.00,856.00,43800,37428200
7240-T,NOK,東証1部,1275.00,1276.00,1258.00,1274.00,472700,599893400
7241-T,フタバ,東証1部,391.00,394.00,389.00,394.00,127800,50074300
7242-T,KYB,東証1部,257.00,259.00,252.00,257.00,663000,169511000
7243-T,シロキ,東証1部,157.00,160.00,156.00,160.00,156000,24663000
7244-T,市光工,東証1部,169.00,171.00,168.00,171.00,48000,8125000
7245-T,大同メタ,東証1部,352.00,353.00,351.00,353.00,22000,7745000
7246-T,プレス工,東証1部,220.00,225.00,216.00,223.00,893000,197819000
7247-T,ミクニ,東証2部,,,,,0,0
7248-T,カルソカンセ,東証1部,228.00,230.00,226.00,230.00,1410000,321559000
7250-T,太平洋,東証1部,490.00,497.00,487.00,495.00,74000,36369000
7251-T,ケーヒン,東証1部,1507.00,1532.00,1495.00,1526.00,187300,284009600
7254-T,ユニバンス,東証2部,,,,,0,0
7255-J,桜井製,JQ,,,,,0,0
7256-T,河西工,東証1部,232.00,233.00,231.00,231.00,5000,1160000
7259-T,アイシン精,東証1部,2405.00,2405.00,2380.00,2405.00,581400,1391796000
7259-O,アイシン精,大証1部,,,,,0,0
7260-T,富士キコウ,東証1部,114.00,115.00,114.00,115.00,4000,457000
7261-T,マツダ,東証1部,259.00,260.00,255.00,257.00,5279000,1356882000
7262-T,ダイハツ,東証1部,958.00,965.00,958.00,965.00,519000,498768000
7262-O,ダイハツ,大証1部,,,,,0,0
7263-T,愛知機,東証1部,275.00,276.00,273.00,275.00,79000,21640000
7264-J,MURO,JQ,541.00,541.00,540.00,540.00,1300,702100
7265-J,エイケン工業,JQ,,,,,0,0
7266-T,今仙電機,東証1部,1036.00,1049.00,1011.00,1049.00,18700,19262000
7267-T,ホンダ,東証1部,2965.00,2990.00,2950.00,2985.00,3355600,9971182500
7267-O,ホンダ,大証1部,2960.00,2960.00,2960.00,2960.00,100,296000
7268-J,タツミ,JQ,,,,,0,0
7269-T,スズキ,東証1部,2235.00,2255.00,2220.00,2255.00,945100,2120368500
7270-T,富士重,東証1部,408.00,408.00,404.00,406.00,2705000,1098949000
7271-O,安永,大証2部,310.00,315.00,310.00,315.00,3800,1188800
7272-T,ヤマハ発,東証1部,1113.00,1115.00,1101.00,1113.00,656800,728827000
7273-T,イクヨ,東証2部,,,,,0,0
7274-T,ショーワ,東証1部,618.00,623.00,614.00,622.00,288900,178592600
7276-T,小糸製,東証1部,1236.00,1249.00,1227.00,1248.00,490000,606130000
7277-T,TBK,東証1部,169.00,171.00,169.00,171.00,12000,2034000
7278-T,エクセディ,東証1部,2015.00,2025.00,1981.00,2020.00,74800,149766900
7278-O,エクセディ,大証1部,,,,,0,0
7279-O,ハイレックス,大証2部,860.00,872.00,860.00,872.00,2700,2340600
7280-T,ミツバ,東証1部,409.00,409.00,401.00,409.00,43000,17442000
7282-T,豊田合,東証1部,2745.00,2765.00,2720.00,2765.00,378000,1036232500
7283-T,愛三工,東証1部,740.00,751.00,740.00,750.00,62200,46376500
7284-T,盟和産,東証2部,,,,,0,0
7287-T,日精機,東証2部,1091.00,1091.00,1084.00,1084.00,11000,11950000
7291-T,日プラスト,東証2部,357.00,358.00,354.00,358.00,1500,533000
7292-T,村上開明,東証2部,490.00,490.00,490.00,490.00,2000,980000
7294-T,ヨロズ,東証1部,1124.00,1140.00,1113.00,1121.00,14700,16519600
7296-T,エフ･シー･シー,東証1部,1450.00,1465.00,1443.00,1462.00,248800,362149700
7297-J,カーメイト,JQ,455.00,455.00,455.00,455.00,1700,773500
7298-J,八千代工,JQ,860.00,875.00,860.00,861.00,1600,1381200
7299-T,オーゼックス,東証2部,251.00,251.00,251.00,251.00,2000,502000
7305-T,新家工,東証1部,145.00,145.00,143.00,143.00,39000,5614000
7305-O,新家工,大証1部,,,,,0,0
7309-T,シマノ,東証1部,4090.00,4100.00,4080.00,4100.00,3300,13497000
7309-O,シマノ,大証1部,4070.00,4110.00,4060.00,4100.00,71200,290717000
7311-T,カワムラサイクル,東証マザーズ,85000.00,85000.00,84500.00,84700.00,5,423700
7312-T,タカタ,東証1部,1777.00,1809.00,1765.00,1806.00,360700,644684500
7313-T,TSテック,東証1部,1719.00,1737.00,1707.00,1732.00,122400,210502800
7314-J,小田原機,JQ,1440.00,1440.00,1406.00,1406.00,1200,1708800
7399-J,ナンシン,JQ,,,,,0,0
7404-T,昭和飛,東証2部,,,,,0,0
7408-T,ジャムコ,東証2部,525.00,525.00,525.00,525.00,1000,525000
7412-T,アトム,東証2部,311.00,313.00,311.00,311.00,181000,56349500
7413-J,創健社,JQ,,,,,0,0
7414-T,小野建,東証1部,971.00,972.00,960.00,970.00,14100,13614900
7414-F,小野建,福証,,,,,0,0
7415-J,新星堂,JQ,93.00,94.00,92.00,94.00,3000,279500
7416-T,はるやま,東証1部,458.00,472.00,455.00,470.00,9800,4535400
7417-F,南陽,福証,,,,,0,0
7419-J,ノジマ,JQ,669.00,680.00,665.00,680.00,12200,8236500
7420-T,佐鳥電機,東証1部,670.00,675.00,661.00,664.00,63700,42464600
7421-T,カッパ･クリエ,東証1部,2160.00,2160.00,2150.00,2155.00,6150,13250250
7422-J,東邦レマック,JQ,,,,,0,0
7425-J,初穂商事,JQ,,,,,0,0
7426-J,山大,JQ,,,,,0,0
7427-T,エコトレディン,東証1部,1055.00,1059.00,1055.00,1059.00,300,316900
7427-O,エコトレディン,大証1部,1050.00,1058.00,1042.00,1051.00,14800,15528200
7430-J,サンワドー,JQ,563.00,565.00,560.00,560.00,2600,1459500
7432-J,ダルトン,JQ,107.00,107.00,107.00,107.00,1000,107000
7433-T,伯東,東証1部,936.00,945.00,936.00,941.00,11800,11084900
7434-J,オータケ,JQ,1660.00,1660.00,1660.00,1660.00,100,166000
7435-J,ナ･デックス,JQ,,,,,0,0
7438-T,コンドーテック,東証2部,629.00,631.00,629.00,631.00,300,189000
7438-O,コンドーテック,大証2部,,,,,0,0
7441-F,Misumi,福証,,,,,0,0
7442-T,中山福,東証1部,596.00,598.00,596.00,598.00,500,298400
7442-O,中山福,大証1部,599.00,602.00,599.00,602.00,2600,1559200
7443-J,横浜魚類,JQ,,,,,0,0
7444-O,ハリマ共和,大証2部,738.00,738.00,737.00,737.00,600,442700
7445-T,ライトオン,東証1部,870.00,879.00,869.00,879.00,14100,12336500
7446-J,東北化学,JQ,,,,,0,0
7447-T,ナガイレーベ,東証1部,1862.00,1862.00,1838.00,1853.00,17500,32328000
7448-T,ジンズメイト,東証1部,554.00,556.00,553.00,556.00,2500,1385000
7450-J,サンデー,JQ,597.00,597.00,597.00,597.00,100,59700
7451-T,菱食,東証1部,2180.00,2210.00,2180.00,2210.00,7000,15376500
7452-J,マツヤ,JQ,560.00,560.00,560.00,560.00,100,56000
7453-T,良品計画,東証1部,4280.00,4300.00,4250.00,4280.00,42400,181356000
7455-T,三城HD,東証1部,896.00,902.00,892.00,902.00,9400,8431100
7456-T,松田産業,東証1部,1433.00,1447.00,1431.00,1443.00,22200,31939200
7457-J,セキテクノトロン,JQ,,,,,0,0
7458-J,第一興商,JQ,1171.00,1175.00,1164.00,1172.00,83400,97560500
7459-T,メディ･パル,東証1部,1317.00,1335.00,1314.00,1333.00,243200,323114100
7460-O,ヤギ,大証2部,,,,,0,0
7461-J,キムラ,JQ,,,,,0,0
7462-J,ダイヤ通商,JQ,62.00,62.00,62.00,62.00,4000,248000
7463-T,アドヴァン,東証1部,661.00,669.00,661.00,664.00,12100,8030400
7464-J,セフテック,JQ,254.00,254.00,254.00,254.00,1000,254000
7465-J,MV北海道,JQ,,,,,0,0
7466-T,SPK,東証1部,1217.00,1240.00,1217.00,1240.00,1700,2098700
7467-J,萩原電気,JQ,620.00,629.00,620.00,629.00,400,248900
7468-J,アムスク,JQ,150.00,154.00,149.00,154.00,700,105100
7472-J,鳥羽洋行,JQ,,,,,0,0
7473-J,静岡スバル,JQ,,,,,0,0
7474-T,Gネットワークス,東証2部,112.00,112.00,112.00,112.00,2000,224000
7476-T,アズワン,東証1部,1714.00,1723.00,1706.00,1723.00,5800,9943200
7476-O,アズワン,大証1部,,,,,0,0
7477-J,ムラキ,JQ,62.00,63.00,61.00,63.00,13000,806000
7478-J,ブルーグラス,JQ,620.00,647.00,580.00,647.00,1900,1153700
7480-T,スズデン,東証1部,486.00,486.00,483.00,484.00,3000,1453600
7481-T,尾家産業,東証1部,786.00,796.00,786.00,796.00,400,316400
7481-O,尾家産業,大証1部,,,,,0,0
7482-T,シモジマ,東証1部,1261.00,1263.00,1256.00,1263.00,3100,3909200
7483-T,ドウシシャ,東証1部,1712.00,1730.00,1712.00,1721.00,21900,37670800
7483-O,ドウシシャ,大証1部,,,,,0,0
7486-J,サンリン,JQ,508.00,524.00,508.00,524.00,4000,2050000
7487-T,小津産業,東証2部,1258.00,1265.00,1256.00,1265.00,900,1135900
7489-F,越智産業,福証,,,,,0,0
7490-T,日新商事,東証2部,,,,,0,0
7491-J,オーエーシステム,JQ,35.00,36.00,35.00,36.00,34000,1192000
7493-F,マルミヤストア,福証,,,,,0,0
7494-T,コナカ,東証1部,304.00,304.00,302.00,304.00,13600,4124200
7500-J,西川計測,JQ,657.00,657.00,657.00,657.00,100,65700
7501-J,ティムコ,JQ,662.00,663.00,662.00,662.00,600,397400
7502-J,プラザクリエ,JQ,569.00,569.00,569.00,569.00,100,56900
7503-J,アイ･エム･アイ,JQ,1845.00,1940.00,1845.00,1936.00,54900,103898500
7504-T,高速,東証1部,653.00,658.00,653.00,657.00,4900,3212600
7505-T,扶桑電通,東証2部,,,,,0,0
7506-T,ハウスローゼ,東証1部,1255.00,1255.00,1254.00,1255.00,300,376400
7508-T,GセブンHD,東証1部,538.00,540.00,537.00,540.00,18200,9797000
7508-O,GセブンHD,大証1部,,,,,0,0
7509-J,アイエーG,JQ,434.00,434.00,434.00,434.00,1000,434000
7510-O,たけびし,大証2部,353.00,353.00,353.00,353.00,900,317700
7512-T,イオン北海,東証1部,311.00,311.00,309.00,310.00,4900,1518600
7512-S,イオン北海,札証,,,,,0,0
7513-T,コジマ,東証1部,498.00,499.00,491.00,493.00,67300,33248100
7514-T,ヒマラヤ,東証2部,341.00,346.00,341.00,346.00,1200,410800
7515-O,マルヨシセンター,大証2部,,,,,0,0
7516-T,コーナン商事,東証1部,1035.00,1044.00,1031.00,1040.00,70000,72745500
7516-O,コーナン商事,大証1部,,,,,0,0
7517-T,黒田電気,東証1部,1279.00,1305.00,1275.00,1304.00,131100,169590000
7517-O,黒田電気,大証1部,,,,,0,0
7518-T,ネットワン,東証1部,154100.00,154400.00,152400.00,154000.00,723,110972700
7519-J,五洋インテ,JQ,60.00,60.00,60.00,60.00,3000,180000
7520-T,エコス,東証1部,678.00,680.00,673.00,680.00,3100,2097600
7521-J,ムサシ,JQ,1305.00,1305.00,1272.00,1281.00,8000,10313500
7522-T,ワタミ,東証1部,1927.00,1929.00,1922.00,1929.00,34800,67009000
7523-J,アールビバン,JQ,259.00,260.00,259.00,259.00,900,233200
7524-T,マルシェ,東証1部,782.00,782.00,780.00,782.00,1300,1015500
7524-O,マルシェ,大証1部,,,,,0,0
7525-T,リックス,東証2部,632.00,635.00,630.00,635.00,600,379100
7525-F,リックス,福証,,,,,0,0
7527-J,システムソフト,JQ,54.00,55.00,54.00,54.00,16600,896700
7530-O,ナブコドア,大証2部,,,,,0,0
7531-J,清和中央,JQ,,,,,0,0
7532-T,ドン･キホーテ,東証1部,2260.00,2260.00,2225.00,2235.00,264000,590097000
7533-F,グリーンクロス,福証,419.00,419.00,419.00,419.00,100,41900
7535-J,グッドマン,JQ,715.00,716.00,710.00,716.00,3100,2213400
7537-T,丸文,東証1部,612.00,615.00,602.00,612.00,65900,40105200
7538-O,大水,大証2部,,,,,0,0
7539-J,アベルコ,JQ,259.00,263.00,259.00,260.00,4000,1040600
7541-T,メガネトップ,東証1部,1473.00,1490.00,1473.00,1488.00,30400,45059600
7542-J,ビスケーHLD,JQ,93.00,93.00,93.00,93.00,1000,93000
7544-T,スリーエフ,東証2部,683.00,683.00,677.00,681.00,2300,1564500
7545-T,西松屋チェ,東証1部,949.00,954.00,936.00,940.00,458200,433594300
7545-O,西松屋チェ,大証1部,,,,,0,0
7550-T,ゼンショー,東証1部,670.00,675.00,670.00,674.00,161300,108299400
7551-J,ウェッズ,JQ,421.00,421.00,421.00,421.00,100,42100
7552-T,ハピネット,東証1部,1240.00,1265.00,1234.00,1253.00,8800,11007200
7553-J,サザビリグ,JQ,1315.00,1316.00,1315.00,1315.00,1400,1841100
7554-T,幸楽苑,東証1部,1131.00,1135.00,1128.00,1133.00,2700,3055100
7555-J,大田花き,JQ,,,,,0,0
7558-T,トーメンエレク,東証1部,1096.00,1100.00,1050.00,1065.00,4600,4943100
7559-J,GFC,JQ,935.00,935.00,930.00,930.00,500,466000
7560-T,ユニマットライフ,東証1部,923.00,928.00,923.00,928.00,1900,1757600
7561-T,ハークスレイ,東証1部,897.00,899.00,895.00,896.00,6400,5740500
7561-O,ハークスレイ,大証1部,,,,,0,0
7562-T,安楽亭,東証2部,444.00,445.00,444.00,445.00,3000,1334000
7563-T,ニッパン,東証2部,214.00,214.00,214.00,214.00,1000,214000
7564-J,ワークマン,JQ,,,,,0,0
7565-O,万世電機,大証2部,490.00,490.00,490.00,490.00,1000,490000
7566-J,ジャパンケア,JQ,242.00,248.00,242.00,248.00,11000,2680000
7567-J,栄電子,JQ,,,,,0,0
7568-J,クレックス,JQ,,,,,0,0
7569-J,モンテカルロ,JQ,,,,,0,0
7570-J,橋本総業,JQ,,,,,0,0
7571-J,ヤマノHD,JQ,41.00,41.00,40.00,40.00,17600,707800
7574-J,共信テクノ,JQ,498.00,500.00,498.00,500.00,200,99800
7575-J,日本ライフL,JQ,625.00,627.00,620.00,620.00,1200,748700
7577-J,パスポート,JQ,,,,,0,0
7578-J,ニチリョク,JQ,238.00,240.00,238.00,240.00,2000,478000
7581-T,サイゼリヤ,東証1部,1478.00,1488.00,1474.00,1488.00,218500,323661800
7585-J,かんなん,JQ,1055.00,1055.00,1050.00,1050.00,200,210500
7587-J,PALTEK,JQ,,,,,0,0
7590-J,タカショー,JQ,383.00,402.00,383.00,401.00,18600,7361500
7591-T,エクセル,東証1部,1214.00,1215.00,1207.00,1214.00,1900,2300300
7593-H,VTHD,HCスタンダード,201.00,208.00,196.00,203.00,847400,169977200
7594-T,マルカキカイ,東証1部,743.00,753.00,742.00,743.00,3000,2238900
7595-T,アルゴグラフ,東証1部,1023.00,1034.00,1020.00,1034.00,5100,5233900
7596-T,魚力,東証2部,1202.00,1204.00,1201.00,1202.00,1200,1443000
7597-J,東京貴宝,JQ,,,,,0,0
7598-J,ナイスクラップ,JQ,270.00,270.00,270.00,270.00,200,54000
7599-T,ガリバー,東証1部,6720.00,6750.00,6590.00,6700.00,57440,382599200
7600-T,日本MDM,東証1部,217.00,218.00,215.00,218.00,7600,1645300
7601-T,ポプラ,東証1部,656.00,660.00,655.00,660.00,1100,723700
7602-T,カーチスHD,東証2部,39.00,39.00,36.00,37.00,439500,16160800
7603-J,マックハウス,JQ,532.00,532.00,530.00,532.00,2400,1273600
7604-T,梅の花,東証2部,231800.00,232000.00,230000.00,232000.00,16,3697000
7605-J,フジコーポ,JQ,315.00,315.00,313.00,313.00,1600,503600
7606-T,Uアローズ,東証1部,761.00,764.00,755.00,760.00,19500,14820500
7607-T,進和,東証1部,1298.00,1319.00,1287.00,1319.00,5900,7655700
7608-T,エスケイ,東証1部,228.00,230.00,228.00,230.00,2300,526100
7608-O,エスケイ,大証1部,,,,,0,0
7609-T,ダイトエレク,東証1部,493.00,493.00,483.00,490.00,1700,828900
7609-O,ダイトエレク,大証1部,,,,,0,0
7610-J,テイツー,JQ,6120.00,6170.00,6040.00,6070.00,153,935680
7611-T,ハイデ日高,東証1部,1122.00,1123.00,1113.00,1123.00,10100,11294700
7612-J,CWE,JQ,45.00,46.00,45.00,46.00,13000,588000
7613-T,シークス,東証1部,692.00,816.00,679.00,799.00,1926100,1510342800
7613-O,シークス,大証1部,,,,,0,0
7614-J,オーエムツー,JQ,,,,,0,0
7615-T,京都友禅,東証1部,961.00,962.00,947.00,955.00,38700,36957300
7616-T,コロワイド,東証1部,643.00,644.00,642.00,644.00,35000,22496000
7617-T,オオゼキ,東証2部,3720.00,3720.00,3720.00,3720.00,5700,21204000
7618-J,PCDEPOT,JQ,27330.00,27380.00,27330.00,27330.00,26,710630
7619-T,田中商事,東証1部,465.00,465.00,464.00,465.00,800,371700
7620-J,ヤマトマテリアル,JQ,,,,,0,0
7621-J,うかい,JQ,,,,,0,0
7622-J,さかい,JQ,126.00,127.00,125.00,127.00,16700,2096200
7623-J,サンオータス,JQ,320.00,320.00,308.00,308.00,8100,2502300
7624-J,NaITO,JQ,,,,,0,0
7625-T,ダイニング,東証2部,298.00,298.00,292.00,292.00,1000,293200
7627-J,なか卯,JQ,1054.00,1055.00,1050.00,1050.00,2300,2417400
7628-T,オーハシテクニカ,東証1部,600.00,600.00,592.00,599.00,2500,1490600
7630-T,壱番屋,東証1部,2150.00,2155.00,2135.00,2150.00,3900,8371000
7631-T,マクニカ,東証1部,1581.00,1594.00,1568.00,1593.00,9300,14742800
7633-J,NESTAGE,JQ,20.00,21.00,20.00,20.00,9000,181000
7634-J,星医療,JQ,1820.00,1825.00,1820.00,1822.00,1100,2005600
7635-J,杉田エース,JQ,,,,,0,0
7636-J,ハンズマン,JQ,504.00,505.00,501.00,501.00,1700,854200
7637-T,白銅,東証1部,658.00,674.00,658.00,663.00,7400,4918600
7638-J,シーマ,JQ,31.00,31.00,30.00,31.00,31460,960320
7640-T,トップカルチャ,東証1部,399.00,403.00,399.00,403.00,10000,4004600
7641-O,フォー･ユー,大証2部,34800.00,34800.00,34600.00,34600.00,3,104200
7643-J,ダイイチ,JQ,723.00,725.00,722.00,725.00,500,362000
7644-J,常盤薬品,JQ,,,,,0,0
7645-J,日本トイザ,JQ,443.00,450.00,440.00,440.00,14100,6274300
7646-J,PLANT,JQ,411.00,413.00,411.00,413.00,2300,946500
7647-O,音通,大証2部,25.00,26.00,25.00,26.00,115000,2908000
7649-T,スギHD,東証1部,2120.00,2120.00,2105.00,2115.00,102800,217351000
7701-T,島津製,東証1部,670.00,671.00,665.00,671.00,619000,413744000
7701-O,島津製,大証1部,,,,,0,0
7702-T,JMS,東証1部,385.00,388.00,380.00,388.00,15000,5773000
7703-T,川澄化,東証2部,671.00,681.00,671.00,678.00,101000,68335000
7704-T,アロカ,東証1部,885.00,886.00,870.00,880.00,29900,26270300
7705-T,ジーエル,東証2部,,,,,0,0
7706-J,セントラルユニ,JQ,784.00,784.00,782.00,782.00,2200,1720600
7707-H,PSS,HCグロース,172700.00,177000.00,168000.00,177000.00,295,50964700
7708-H,フォトニクス,HCグロース,13400.00,13400.00,11350.00,11350.00,268,3342940
7709-T,クボテック,東証1部,32900.00,33000.00,32250.00,32750.00,188,6137450
7711-J,助川電,JQ,,,,,0,0
7713-J,シグマ光機,JQ,642.00,648.00,642.00,648.00,600,388100
7714-T,モリテックス,東証1部,342.00,347.00,342.00,347.00,2900,1000800
7715-T,長野計器,東証1部,705.00,705.00,699.00,699.00,2800,1962300
7716-J,ナカニシ,JQ,7900.00,7980.00,7890.00,7980.00,1100,8705000
7717-T,Vテクノロジー,東証マザーズ,612000.00,613000.00,604000.00,608000.00,242,147334000
7718-T,スター精,東証1部,939.00,943.00,934.00,943.00,97200,91222200
7719-T,テークスG,東証2部,52.00,54.00,52.00,54.00,205000,10824000
7721-T,東京計器,東証1部,149.00,150.00,147.00,148.00,132000,19597000
7722-J,国際計測,JQ,700.00,702.00,697.00,700.00,6600,4612800
7723-T,愛時計,東証1部,273.00,273.00,271.00,271.00,4000,1088000
7725-T,インタアクション,東証マザーズ,,,,,0,0
7726-T,黒田精,東証2部,279.00,280.00,274.00,280.00,13000,3608000
7727-T,オーバル,東証2部,155.00,159.00,155.00,158.00,8000,1262000
7728-T,電産トーソク,東証1部,717.00,718.00,710.00,710.00,13100,9339600
7729-T,東京精,東証1部,1313.00,1327.00,1310.00,1325.00,64900,85491400
7730-J,マニー,JQ,,,,,0,0
7731-T,ニコン,東証1部,1596.00,1605.00,1583.00,1600.00,2389000,3810141000
7732-T,トプコン,東証1部,482.00,486.00,481.00,486.00,97400,47077700
7733-T,オリンパス,東証1部,2620.00,2625.00,2585.00,2610.00,676500,1762392000
7734-T,理計器,東証1部,680.00,687.00,673.00,687.00,10100,6878700
7735-T,スクリーン,東証1部,324.00,324.00,318.00,322.00,772000,247784000
7735-O,スクリーン,大証1部,,,,,0,0
7736-T,ユニオンHD,東証2部,12.00,13.00,12.00,12.00,309600,3723900
7739-T,キヤノン電,東証1部,1566.00,1574.00,1563.00,1568.00,114200,179183400
7740-T,タムロン,東証1部,1244.00,1245.00,1228.00,1234.00,54500,67419000
7741-T,HOYA,東証1部,2135.00,2155.00,2115.00,2140.00,711500,1519046500
7743-J,シード,JQ,,,,,0,0
7744-T,ノーリツ鋼機,東証1部,801.00,803.00,798.00,802.00,1500,1199700
7744-O,ノーリツ鋼機,大証1部,801.00,807.00,798.00,803.00,30700,24582800
7745-T,A&D,東証1部,605.00,610.00,596.00,605.00,86800,52155200
7746-J,岡本硝子,JQ,209.00,210.00,206.00,210.00,11400,2367100
7747-T,アサヒインテック,東証2部,,,,,0,0
7747-J,アサヒインテック,JQ,1498.00,1500.00,1490.00,1500.00,8600,12857900
7748-J,ホロン,JQ,19300.00,19350.00,19300.00,19350.00,2,38650
7749-J,メディキット,JQ,21000.00,21300.00,21000.00,21300.00,30,633000
7751-T,キヤノン,東証1部,3610.00,3630.00,3600.00,3620.00,2149400,7769225000
7751-O,キヤノン,大証1部,,,,,0,0
7751-S,キヤノン,札証,,,,,0,0
7751-F,キヤノン,福証,,,,,0,0
7752-T,リコー,東証1部,1322.00,1339.00,1314.00,1333.00,1793000,2382594000
7752-O,リコー,大証1部,,,,,0,0
7752-S,リコー,札証,,,,,0,0
7752-F,リコー,福証,,,,,0,0
7756-T,電産コパル,東証1部,1049.00,1066.00,1045.00,1049.00,47300,49800500
7757-T,電産サンキョ,東証1部,543.00,546.00,541.00,543.00,91000,49408000
7758-T,セコニック,東証2部,124.00,124.00,124.00,124.00,2000,248000
7760-J,IMV,JQ,118.00,118.00,118.00,118.00,2000,236000
7762-T,シチズンHD,東証1部,557.00,559.00,552.00,555.00,1240300,688342500
7768-T,ジェコー,東証2部,199.00,199.00,199.00,199.00,1000,199000
7769-T,リズム,東証1部,147.00,148.00,144.00,145.00,188000,27389000
7771-J,日本精密,JQ,59.00,60.00,58.00,58.00,16000,943000
7773-J,エルモ社,JQ,295.00,295.00,295.00,295.00,1000,295000
7774-J,J・TEC,JQNEO,87700.00,88900.00,86600.00,88600.00,712,62453000
7775-T,大研医器,東証2部,2575.00,2620.00,2500.00,2525.00,17400,44099000
7820-T,ニホンフラッシュ,東証2部,780.00,781.00,780.00,780.00,1000,780200
7821-T,前田工繊,東証2部,1519.00,1520.00,1519.00,1520.00,300,455800
7822-T,永大産業,東証2部,229.00,229.00,229.00,229.00,2000,458000
7823-J,アートネイチャー,JQ,840.00,841.00,839.00,840.00,3000,2520300
7825-T,SRIスポーツ,東証1部,94800.00,94900.00,93800.00,94900.00,63,5947800
7826-J,フルヤ金属,JQ,9700.00,9700.00,9680.00,9700.00,4200,40734000
7827-J,オービス,JQ,,,,,0,0
7829-T,サマンサJP,東証マザーズ,31550.00,32000.00,31200.00,32000.00,198,6267250
7830-J,パブリック,JQ,223.00,223.00,223.00,223.00,2000,446000
7831-T,ウイルコ,東証2部,88.00,88.00,88.00,88.00,3000,264000
7832-T,バンナムHD,東証1部,992.00,993.00,987.00,991.00,606300,600459500
7833-T,IFIS,東証マザーズ,27500.00,27500.00,27000.00,27000.00,12,326000
7834-H,マルマン,HCスタンダード,145.00,145.00,144.00,145.00,2600,376900
7835-J,ウィズ,JQ,35700.00,36900.00,35700.00,36900.00,5,181100
7836-J,アビックス,JQ,4550.00,4750.00,4550.00,4750.00,5,23100
7837-J,アールシーコア,JQ,35500.00,35500.00,35500.00,35500.00,10,355000
7838-T,共立印刷,東証1部,157.00,159.00,157.00,159.00,5500,873000
7839-T,SHOEI,東証2部,992.00,995.00,985.00,990.00,8400,8305000
7840-T,フラベッドH,東証1部,144.00,144.00,143.00,144.00,65000,9327000
7841-J,遠藤製作,JQ,321.00,323.00,321.00,323.00,1900,611000
7842-J,セガトイズ,JQ,290.00,292.00,285.00,287.00,8100,2340900
7843-J,幻冬舍,JQ,146400.00,147500.00,146400.00,146500.00,12,1762100
7844-T,マーベラス,東証2部,15800.00,15800.00,15800.00,15800.00,10,158000
7845-J,ハイビック,JQ,133.00,136.00,133.00,136.00,3700,499900
7846-T,パイロット,東証1部,110300.00,111100.00,110300.00,110700.00,70,7745100
7846-O,パイロット,大証1部,,,,,0,0
7847-J,グラファイトD,JQ,23100.00,23500.00,23100.00,23500.00,2,46600
7849-J,スターツ出版,JQ,,,,,0,0
7850-J,総合商研,JQ,,,,,0,0
7851-O,カワセCS,大証2部,,,,,0,0
7853-T,YAMATO,東証マザーズ,4980.00,4980.00,4920.00,4970.00,164,813140
7855-H,カーディナル,HCグロース,440.00,440.00,440.00,440.00,2000,880000
7856-T,萩原工業,東証2部,830.00,831.00,829.00,829.00,2800,2323900
7857-J,セキ,JQ,1700.00,1700.00,1700.00,1700.00,4000,6800000
7858-J,小野産業,JQ,,,,,0,0
7859-T,アルメディオ,東証2部,355.00,355.00,352.00,353.00,1000,353600
7860-T,エイベックス,東証1部,840.00,842.00,838.00,842.00,108200,90940700
7861-J,東京リスマ,JQ,578.00,578.00,577.00,577.00,500,288900
7862-T,トッパン･F,東証1部,1269.00,1275.00,1261.00,1273.00,97900,124283800
7863-J,平賀,JQ,,,,,0,0
7864-T,フジシール,東証1部,1956.00,1968.00,1942.00,1968.00,35100,68629100
7865-J,ピープル,JQ,,,,,0,0
7866-J,アトラス,JQ,512.00,512.00,511.00,511.00,1300,665000
7867-T,タカラトミー,東証1部,801.00,822.00,798.00,814.00,713800,579121500
7868-T,広済堂,東証1部,251.00,256.00,251.00,256.00,7200,1819900
7868-O,広済堂,大証1部,,,,,0,0
7869-J,日本フォーム,JQ,,,,,0,0
7871-O,フクビ,大証2部,,,,,0,0
7872-J,エステール,JQ,,,,,0,0
7873-T,アーク,東証1部,88.00,89.00,88.00,89.00,1800,159800
7873-J,アーク,JQ,89.00,90.00,88.00,89.00,82500,7296200
7874-T,スルガ,東証1部,1195.00,1220.00,1195.00,1209.00,4200,5085200
7877-J,永大化工,JQ,110.00,110.00,110.00,110.00,4000,440000
7878-J,光彩工芸,JQ,,,,,0,0
7879-T,ノダ,東証2部,159.00,164.00,159.00,163.00,1800,291800
7882-T,アロン化成,東証1部,366.00,367.00,366.00,367.00,6000,2199000
7883-J,サンメッセ,JQ,,,,,0,0
7885-T,タカノ,東証1部,622.00,627.00,622.00,624.00,7400,4622400
7886-J,ヤマト･インダ,JQ,91.00,91.00,90.00,90.00,4000,361000
7887-O,南海プライ,大証2部,,,,,0,0
7888-J,三光合成,JQ,86.00,86.00,86.00,86.00,1000,86000
7889-J,桑山,JQ,,,,,0,0
7890-J,アテナ工業,JQ,332.00,333.00,332.00,333.00,1500,499000
7891-J,日本ユピカ,JQ,,,,,0,0
7893-T,プロネクサス,東証1部,693.00,700.00,692.00,695.00,9000,6269500
7894-F,丸東産業,福証,,,,,0,0
7895-J,中央化学,JQ,426.00,426.00,421.00,421.00,1200,508900
7896-T,セブン工,東証2部,,,,,0,0
7897-T,ホクシン,東証1部,165.00,168.00,165.00,168.00,18800,3140900
7897-O,ホクシン,大証1部,,,,,0,0
7898-T,ウッドワン,東証1部,334.00,338.00,331.00,334.00,41000,13663000
7898-O,ウッドワン,大証1部,,,,,0,0
7899-J,MICS化学,JQ,,,,,0,0
7901-J,マツモト,JQ,255.00,255.00,254.00,254.00,2000,509000
7902-J,ソノコム,JQ,,,,,0,0
7905-T,大建工,東証1部,176.00,200.00,175.00,190.00,805000,150763000
7905-O,大建工,大証1部,,,,,0,0
7906-T,ヨネックス,東証2部,692.00,697.00,691.00,696.00,5200,3610800
7908-T,KIMOTO,東証1部,642.00,642.00,618.00,630.00,106100,66767000
7911-T,凸版印,東証1部,912.00,912.00,905.00,910.00,1090000,990218000
7912-T,大日印,東証1部,1343.00,1345.00,1334.00,1340.00,1246000,1668304000
7912-O,大日印,大証1部,,,,,0,0
7913-T,図書印,東証1部,233.00,234.00,232.00,232.00,13000,3030000
7914-T,共同印,東証1部,324.00,325.00,321.00,325.00,22000,7110000
7915-T,日写印,東証1部,4950.00,4970.00,4920.00,4950.00,56400,279115000
7915-O,日写印,大証1部,,,,,0,0
7916-T,光村印,東証1部,342.00,342.00,342.00,342.00,1000,342000
7917-T,藤森工,東証1部,1390.00,1409.00,1385.00,1409.00,5200,7248900
7918-J,ヴィアHD,JQ,1025.00,1030.00,1025.00,1030.00,2000,2054000
7919-T,野崎印,東証2部,,,,,0,0
7919-O,野崎印,大証2部,,,,,0,0
7920-T,三浦印,東証2部,231.00,233.00,231.00,231.00,3000,695000
7921-T,宝印刷,東証1部,809.00,812.00,809.00,810.00,6100,4940800
7922-J,三光産,JQ,,,,,0,0
7923-J,トーイン,JQ,,,,,0,0
7925-T,前澤化,東証1部,1029.00,1029.00,1017.00,1027.00,5800,5935900
7927-J,ムトー精工,JQ,723.00,750.00,723.00,750.00,3700,2705900
7928-J,旭化学,JQ,,,,,0,0
7932-J,ニッピ,JQ,,,,,0,0
7934-T,メルクス,東証2部,49.00,50.00,48.00,48.00,9000,445000
7935-T,コンビ,東証1部,778.00,780.00,772.00,780.00,19500,15152500
7936-T,アシックス,東証1部,923.00,924.00,908.00,919.00,430000,394546000
7936-O,アシックス,大証1部,,,,,0,0
7937-T,ツツミ,東証1部,2045.00,2070.00,2030.00,2070.00,4500,9188000
7938-J,リーガル,JQ,,,,,0,0
7939-J,研創,JQ,,,,,0,0
7942-T,JSP,東証1部,779.00,785.00,776.00,785.00,9400,7338600
7943-T,ニチハ,東証1部,727.00,735.00,725.00,725.00,19000,13810300
7944-T,ローランド,東証1部,1092.00,1101.00,1092.00,1101.00,200,219300
7944-O,ローランド,大証1部,1091.00,1101.00,1088.00,1091.00,25500,27842200
7946-O,光陽社,大証2部,56.00,57.00,56.00,56.00,13000,731000
7947-T,エフピコ,東証1部,4510.00,4510.00,4510.00,4510.00,300,1353000
7947-O,エフピコ,大証1部,4500.00,4520.00,4500.00,4500.00,10400,46861000
7949-T,小松ウオル,東証1部,1250.00,1260.00,1244.00,1247.00,12200,15222500
7949-O,小松ウオル,大証1部,,,,,0,0
7951-T,ヤマハ,東証1部,1202.00,1204.00,1184.00,1190.00,571100,680560200
7952-T,河合楽,東証1部,130.00,130.00,126.00,129.00,316000,40697000
7954-J,EMCOMHD,JQ,23.00,23.00,22.00,23.00,56000,1265000
7955-T,クリナップ,東証1部,635.00,646.00,633.00,644.00,11300,7234200
7956-T,ピジョン,東証1部,3700.00,3820.00,3700.00,3790.00,161200,608903000
7957-O,フジコピア,大証2部,100.00,102.00,100.00,102.00,3000,302000
7958-T,天馬,東証1部,1141.00,1162.00,1136.00,1141.00,36200,41436200
7960-T,パラマウント,東証1部,1820.00,1847.00,1810.00,1842.00,133700,243946400
7961-T,兼日農,東証1部,156.00,158.00,156.00,158.00,114000,17859000
7961-O,兼日農,大証1部,,,,,0,0
7962-T,キングジム,東証1部,708.00,714.00,707.00,710.00,2500,1776200
7963-J,興研,JQ,1005.00,1013.00,994.00,994.00,11100,11146200
7965-O,象印,大証2部,227.00,233.00,224.00,232.00,86000,19580000
7966-T,リンテック,東証1部,1978.00,1978.00,1945.00,1967.00,274000,537129800
7968-T,田崎真,東証1部,125.00,126.00,124.00,126.00,114000,14244000
7970-T,信越ポリ,東証1部,636.00,646.00,635.00,642.00,98300,63078600
7971-T,東リ,東証1部,205.00,208.00,205.00,207.00,15000,3101000
7971-O,東リ,大証1部,,,,,0,0
7972-T,イトーキ,東証1部,248.00,251.00,246.00,249.00,27100,6719000
7972-O,イトーキ,大証1部,,,,,0,0
7974-T,任天堂,東証1部,24390.00,24450.00,24360.00,24390.00,17200,419689000
7974-O,任天堂,大証1部,24370.00,24460.00,24360.00,24400.00,403600,9849673000
7975-O,リヒトラブ,大証2部,,,,,0,0
7976-T,菱鉛筆,東証1部,1051.00,1054.00,1040.00,1052.00,19600,20532800
7979-T,松風,東証2部,820.00,820.00,820.00,820.00,200,164000
7980-J,重松製,JQ,516.00,554.00,515.00,540.00,16000,8672000
7981-T,タカラスタン,東証1部,545.00,545.00,543.00,544.00,31000,16861000
7981-O,タカラスタン,大証1部,,,,,0,0
7983-O,ミロク,大証2部,157.00,157.00,156.00,156.00,4000,626000
7984-T,コクヨ,東証1部,829.00,840.00,827.00,839.00,77900,64952300
7984-O,コクヨ,大証1部,,,,,0,0
7985-T,ネポン,東証2部,,,,,0,0
7986-J,キング工,JQ,75.00,76.00,75.00,76.00,15000,1131000
7987-T,ナカバヤシ,東証1部,217.00,219.00,217.00,219.00,31000,6772000
7987-O,ナカバヤシ,大証1部,,,,,0,0
7988-T,ニフコ,東証1部,1643.00,1662.00,1643.00,1661.00,118800,196311200
7989-T,ブラインド,東証2部,451.00,451.00,450.00,450.00,400,180100
7990-T,ダイワ精,東証1部,128.00,129.00,128.00,129.00,45000,5780000
7991-T,マミヤOP,東証2部,92.00,94.00,92.00,93.00,162000,15115000
7992-T,セーラー,東証2部,73.00,75.00,73.00,75.00,11000,816000
7993-T,サンウエブ,東証1部,285.00,285.00,281.00,282.00,35000,9893000
7994-T,岡村製,東証1部,524.00,531.00,518.00,528.00,164000,86196000
7994-O,岡村製,大証1部,,,,,0,0
7995-T,日バルカー,東証1部,201.00,202.00,201.00,201.00,92000,18500000
7997-O,くろ工,大証2部,70.00,75.00,70.00,75.00,51000,3664000
7999-T,MUTOH-HD,東証1部,158.00,158.00,157.00,158.00,15000,2360000
8000-O,カイゲン,大証2部,,,,,0,0
8001-T,伊藤忠,東証1部,654.00,660.00,651.00,660.00,6394000,4195265000
8001-O,伊藤忠,大証1部,,,,,0,0
8001-S,伊藤忠,札証,,,,,0,0
8001-F,伊藤忠,福証,,,,,0,0
8002-T,丸紅,東証1部,461.00,464.00,457.00,463.00,9096000,4196664000
8002-O,丸紅,大証1部,,,,,0,0
8005-T,ムトウ,東証1部,398.00,401.00,397.00,400.00,11100,4427700
8006-T,ユアサフナ,東証2部,,,,,0,0
8007-T,高島,東証1部,147.00,151.00,147.00,150.00,100000,14906000
8008-T,F&AアクアHD,東証1部,1038.00,1056.00,1027.00,1056.00,5000,5197000
8011-T,三陽商,東証1部,317.00,318.00,315.00,316.00,54000,17098000
8012-T,長瀬産,東証1部,1113.00,1118.00,1104.00,1111.00,86000,95666000
8012-O,長瀬産,大証1部,,,,,0,0
8013-T,ナイガイ,東証1部,53.00,54.00,53.00,53.00,32000,1702000
8014-T,蝶理,東証1部,107.00,107.00,106.00,107.00,152000,16259000
8014-O,蝶理,大証1部,,,,,0,0
8015-T,豊通商,東証1部,1545.00,1547.00,1522.00,1546.00,549400,844726200
8016-T,オンワードHD,東証1部,685.00,689.00,680.00,685.00,198000,135665000
8016-O,オンワードHD,大証1部,,,,,0,0
8018-T,三共興,東証1部,239.00,239.00,236.00,238.00,14900,3545100
8018-O,三共興,大証1部,,,,,0,0
8020-T,兼松,東証1部,93.00,94.00,93.00,93.00,534000,49772000
8020-O,兼松,大証1部,,,,,0,0
8022-T,ミズノ,東証1部,420.00,421.00,416.00,421.00,75000,31431000
8022-O,ミズノ,大証1部,,,,,0,0
8023-T,大興通,東証2部,,,,,0,0
8024-T,シルバーOX,東証1部,61.00,62.00,60.00,61.00,171000,10406000
8024-O,シルバーOX,大証1部,,,,,0,0
8025-T,ツカモト,東証1部,102.00,106.00,101.00,105.00,1110000,115323000
8028-T,Fマート,東証1部,2845.00,2860.00,2840.00,2845.00,428800,1221414500
8029-T,ルック,東証1部,100.00,102.00,100.00,101.00,70000,7062000
8030-T,中央魚,東証2部,179.00,179.00,177.00,177.00,5000,889000
8031-T,三井物,東証1部,1217.00,1228.00,1212.00,1226.00,6391300,7806581100
8031-O,三井物,大証1部,1222.00,1222.00,1221.00,1222.00,300,366500
8031-S,三井物,札証,,,,,0,0
8031-F,三井物,福証,,,,,0,0
8032-T,紙パル商,東証1部,347.00,348.00,345.00,348.00,41000,14243000
8035-T,東エレク,東証1部,5020.00,5030.00,5000.00,5000.00,670400,3360474000
8036-T,日立ハイテク,東証1部,1839.00,1866.00,1829.00,1857.00,162200,300032300
8036-O,日立ハイテク,大証1部,,,,,0,0
8037-T,カメイ,東証1部,583.00,583.00,583.00,583.00,1000,583000
8038-T,東都水,東証1部,174.00,176.00,172.00,176.00,132000,22933000
8039-T,築地魚,東証2部,,,,,0,0
8040-T,東ソワール,東証2部,,,,,0,0
8041-O,OUGHD,大証1部,182.00,182.00,179.00,179.00,15000,2704000
8042-T,日マタイ,東証1部,113.00,113.00,110.00,111.00,40000,4451000
8043-T,スターゼン,東証1部,226.00,226.00,223.00,226.00,21000,4719000
8044-T,大都魚,東証2部,126.00,126.00,126.00,126.00,8000,1008000
8045-J,横丸魚,JQ,,,,,0,0
8046-T,丸藤パ,東証2部,,,,,0,0
8050-T,セイコーHD,東証1部,264.00,264.00,261.00,263.00,97000,25433000
8051-T,山善,東証1部,376.00,382.00,372.00,381.00,131700,49715800
8051-O,山善,大証1部,,,,,0,0
8052-T,椿本興,東証1部,223.00,223.00,222.00,222.00,24000,5341000
8052-O,椿本興,大証1部,,,,,0,0
8053-T,住友商,東証1部,959.00,968.00,950.00,967.00,3129500,3004946900
8053-O,住友商,大証1部,,,,,0,0
8053-F,住友商,福証,,,,,0,0
8056-T,日ユニシス,東証1部,788.00,791.00,779.00,788.00,267200,209805800
8057-T,内田洋,東証1部,312.00,315.00,311.00,314.00,64000,20002000
8057-O,内田洋,大証1部,,,,,0,0
8058-T,三菱商,東証1部,1870.00,1882.00,1862.00,1882.00,3952100,7404842800
8058-O,三菱商,大証1部,,,,,0,0
8059-T,第一実,東証1部,303.00,304.00,301.00,302.00,38000,11496000
8060-T,キヤノンMJ,東証1部,1518.00,1538.00,1509.00,1529.00,340800,519821900
8061-T,西華産,東証1部,241.00,242.00,240.00,241.00,83000,20020000
8065-T,佐藤商,東証1部,516.00,527.00,515.00,524.00,5300,2760100
8066-T,三谷商,東証2部,,,,,0,0
8066-O,三谷商,大証2部,,,,,0,0
8068-T,菱洋エレク,東証1部,819.00,822.00,817.00,820.00,20300,16631500
8070-T,東京産,東証1部,319.00,319.00,314.00,316.00,8500,2688000
8072-J,出版貿,JQ,213.00,213.00,213.00,213.00,1000,213000
8073-J,MAGネットHD,JQ,211.00,212.00,207.00,211.00,9400,1975300
8074-T,ユアサ商,東証1部,103.00,104.00,102.00,103.00,191000,19655000
8075-T,神鋼商,東証1部,167.00,170.00,167.00,169.00,37000,6233000
8075-O,神鋼商,大証1部,,,,,0,0
8077-O,小林産,大証1部,195.00,195.00,192.00,192.00,500,96600
8078-T,阪和興,東証1部,376.00,379.00,373.00,379.00,359000,134863000
8078-O,阪和興,大証1部,,,,,0,0
8079-T,正栄食,東証2部,450.00,450.00,450.00,450.00,1000,450000
8080-J,ジョイス,JQ,,,,,0,0
8081-T,カナデン,東証1部,550.00,552.00,548.00,552.00,6000,3300000
8081-O,カナデン,大証1部,,,,,0,0
8084-T,菱電商,東証1部,591.00,595.00,588.00,591.00,70000,41395000
8085-T,ナラサキ,東証2部,134.00,139.00,133.00,139.00,198000,26872000
8085-S,ナラサキ,札証,,,,,0,0
8086-T,ニプロ,東証1部,1962.00,1974.00,1945.00,1973.00,114400,224656200
8086-O,ニプロ,大証1部,,,,,0,0
8087-T,フルサト,東証1部,,,,,0,0
8087-O,フルサト,大証1部,710.00,712.00,706.00,709.00,2300,1629200
8088-T,岩谷産,東証1部,283.00,284.00,282.00,284.00,157000,44456000
8088-O,岩谷産,大証1部,,,,,0,0
8089-T,すてきN,東証1部,223.00,228.00,223.00,227.00,61000,13778000
8090-T,昭光商,東証1部,109.00,112.00,109.00,111.00,84000,9299000
8091-T,ニチモウ,東証1部,181.00,182.00,180.00,182.00,53000,9579000
8093-T,極東貿,東証1部,148.00,150.00,148.00,150.00,30000,4478000
8095-T,イワキ,東証1部,314.00,333.00,313.00,330.00,1580000,509759000
8096-T,兼松エレク,東証1部,859.00,861.00,856.00,860.00,22800,19576700
8097-T,三愛石,東証1部,458.00,466.00,456.00,456.00,40000,18382000
8098-T,稲畑産,東証1部,447.00,452.00,446.00,452.00,15700,7044900
8098-O,稲畑産,大証1部,,,,,0,0
8101-T,GSIクレオス,東証1部,120.00,120.00,117.00,120.00,740000,87993000
8101-O,GSIクレオス,大証1部,,,,,0,0
8103-T,明和産,東証1部,191.00,192.00,190.00,192.00,46200,8801400
8104-S,クワザワ,札証,,,,,0,0
8105-T,堀田丸正,東証2部,54.00,54.00,53.00,54.00,87000,4673000
8107-O,キムラタン,大証1部,5.00,6.00,5.00,5.00,889000,4738000
8108-F,ヤマエ久,福証,,,,,0,0
8111-T,Gウイン,東証1部,220.00,222.00,220.00,222.00,33000,7291000
8112-T,東スタイル,東証1部,786.00,788.00,781.00,785.00,89000,69789000
8113-T,ユニチャーム,東証1部,8130.00,8180.00,8120.00,8170.00,105600,860248000
8114-T,デサント,東証1部,432.00,436.00,430.00,433.00,17000,7359000
8114-O,デサント,大証1部,,,,,0,0
8115-O,ムーンバット,大証2部,153.00,153.00,151.00,151.00,14000,2126000
8117-O,中央自,大証2部,352.00,356.00,352.00,356.00,5000,1773000
8118-O,キング,大証1部,253.00,254.00,252.00,252.00,800,202200
8119-J,三栄コポ,JQ,255.00,255.00,255.00,255.00,1000,255000
8120-J,大木,JQ,,,,,0,0
8123-J,川辺,JQ,115.00,115.00,115.00,115.00,1000,115000
8125-O,ワキタ,大証1部,493.00,497.00,493.00,497.00,2000,990000
8127-T,ヤマトインタ,東証1部,415.00,420.00,415.00,420.00,300,125500
8127-O,ヤマトインタ,大証1部,420.00,420.00,413.00,418.00,4100,1709300
8128-O,エフワン,大証2部,81.00,84.00,81.00,83.00,54000,4407000
8129-T,東邦HD,東証1部,1413.00,1415.00,1400.00,1408.00,154700,217806900
8130-T,サンゲツ,東証1部,2080.00,2090.00,2070.00,2090.00,15300,31819000
8131-T,ミツウロコ,東証1部,631.00,637.00,627.00,637.00,15700,9950900
8132-T,シナネン,東証1部,485.00,488.00,483.00,488.00,34000,16516000
8133-T,エネクス,東証1部,576.00,585.00,574.00,579.00,97800,56607400
8134-T,TOKAI,東証1部,484.00,493.00,484.00,491.00,16000,7832000
8135-O,ゼット,大証2部,166.00,170.00,166.00,170.00,5000,838000
8136-T,サンリオ,東証1部,825.00,829.00,820.00,829.00,62200,51258700
8137-T,サンワテクノス,東証1部,465.00,471.00,462.00,471.00,3000,1400300
8138-O,三京化,大証2部,,,,,0,0
8139-T,ナガホリ,東証2部,230.00,230.00,230.00,230.00,3000,690000
8140-T,リョーサン,東証1部,2355.00,2395.00,2345.00,2380.00,19300,45791000
8141-T,新光商,東証1部,840.00,847.00,836.00,846.00,13800,11605600
8142-T,トーホー,東証1部,333.00,335.00,333.00,335.00,6000,2001000
8142-O,トーホー,大証1部,,,,,0,0
8142-F,トーホー,福証,,,,,0,0
8143-T,ラピーヌ,東証2部,113.00,113.00,105.00,109.00,198000,21303000
8143-O,ラピーヌ,大証2部,,,,,0,0
8144-O,電響社,大証2部,515.00,515.00,512.00,512.00,2000,1027000
8147-J,トミタ,JQ,,,,,0,0
8148-O,上原成,大証2部,,,,,0,0
8150-T,三信電,東証1部,794.00,803.00,790.00,796.00,20000,15903000
8151-T,東陽テク,東証1部,943.00,947.00,941.00,947.00,17600,16626900
8152-T,ソマール,東証2部,,,,,0,0
8153-T,モスフード,東証1部,1564.00,1574.00,1564.00,1573.00,12100,18965500
8154-T,加賀電,東証1部,1130.00,1134.00,1120.00,1133.00,18600,20977600
8155-T,三益半,東証1部,1274.00,1274.00,1255.00,1269.00,54800,69337400
8157-T,都築電,東証2部,376.00,377.00,376.00,377.00,5000,1881000
8158-T,ソーダニッカ,東証1部,305.00,305.00,305.00,305.00,3000,915000
8159-T,立花エレテ,東証1部,788.00,797.00,774.00,793.00,6500,5119500
8159-O,立花エレテ,大証1部,,,,,0,0
8160-T,木曽路,東証1部,2035.00,2055.00,2025.00,2055.00,9400,19191500
8163-O,サトRS,大証1部,619.00,620.00,618.00,618.00,4000,2476000
8165-T,千趣会,東証1部,641.00,645.00,636.00,644.00,12500,8012600
8165-O,千趣会,大証1部,,,,,0,0
8166-T,タカキュー,東証1部,155.00,155.00,153.00,154.00,9000,1385000
8167-T,丸久,東証2部,,,,,0,0
8167-O,丸久,大証2部,,,,,0,0
8168-T,ケーヨー,東証1部,470.00,473.00,463.00,471.00,55700,26080400
8170-T,アデランスHD,東証1部,1260.00,1263.00,1252.00,1253.00,43400,54469200
8170-O,アデランスHD,大証1部,,,,,0,0
8173-T,上新電,東証1部,762.00,763.00,759.00,761.00,29000,22074000
8173-O,上新電,大証1部,,,,,0,0
8174-T,日ガス,東証1部,1432.00,1432.00,1415.00,1424.00,7800,11093000
8175-T,ベスト電,東証1部,485.00,485.00,479.00,481.00,45000,21665000
8175-F,ベスト電,福証,,,,,0,0
8178-T,マルエツ,東証1部,477.00,478.00,474.00,476.00,75000,35691000
8179-T,ロイヤルHD,東証1部,1016.00,1027.00,1016.00,1026.00,13600,13890100
8179-F,ロイヤルHD,福証,,,,,0,0
8181-T,東天紅,東証1部,192.00,197.00,192.00,197.00,13000,2533000
8182-T,いなげや,東証1部,932.00,935.00,931.00,934.00,9000,8398000
8184-T,島忠,東証1部,2140.00,2145.00,2120.00,2140.00,174800,373091000
8185-T,チヨダ,東証1部,1273.00,1292.00,1272.00,1287.00,53500,68537200
8186-J,大塚家,JQ,937.00,939.00,928.00,939.00,13700,12825000
8187-J,京樽,JQ,55400.00,56500.00,55400.00,56500.00,3,167400
8191-J,光製作,JQ,,,,,0,0
8193-T,鈴丹,東証1部,218.00,218.00,216.00,216.00,12100,2621300
8194-T,ライフコーポ,東証1部,1575.00,1577.00,1563.00,1575.00,4400,6899100
8194-O,ライフコーポ,大証1部,,,,,0,0
8196-T,カスミ,東証1部,444.00,447.00,442.00,447.00,34100,15184500
8198-T,MV東海,東証2部,1239.00,1247.00,1228.00,1228.00,9000,11166600
8200-T,リンガハット,東証1部,1216.00,1220.00,1214.00,1217.00,6500,7911500
8200-F,リンガハット,福証,,,,,0,0
8201-T,さが美,東証1部,178.00,178.00,169.00,169.00,267000,46329000
8202-T,ラオックス,東証2部,150.00,151.00,136.00,140.00,7713000,1102125000
8203-T,MrMax,東証1部,502.00,505.00,497.00,502.00,8800,4401400
8203-F,MrMax,福証,,,,,0,0
8205-J,シャクリーGG,JQ,690.00,690.00,690.00,690.00,1000,690000
8206-O,ステラG,大証2部,8.00,8.00,7.00,7.00,104000,798000
8207-T,テンアライド,東証1部,337.00,340.00,336.00,339.00,2700,911600
8208-J,エンチョー,JQ,,,,,0,0
8209-O,フレンドリー,大証2部,,,,,0,0
8214-T,AOKIHD,東証1部,1030.00,1047.00,1027.00,1036.00,29300,30376300
8214-O,AOKIHD,大証1部,,,,,0,0
8215-J,山形屋,JQ,,,,,0,0
8216-O,どん,大証2部,428.00,429.00,425.00,427.00,24000,10248000
8217-T,オークワ,東証1部,1114.00,1114.00,1114.00,1114.00,1000,1114000
8217-O,オークワ,大証1部,1120.00,1125.00,1115.00,1123.00,20000,22398000
8218-T,コメリ,東証1部,2435.00,2460.00,2430.00,2455.00,41200,100773500
8219-T,青山商,東証1部,1682.00,1699.00,1681.00,1699.00,1300,2196700
8219-O,青山商,大証1部,1675.00,1700.00,1665.00,1700.00,105800,178223200
8225-J,タカチホ,JQ,,,,,0,0
8226-T,理経,東証2部,107.00,107.00,105.00,107.00,5000,529000
8227-T,しまむら,東証1部,8310.00,8410.00,8300.00,8410.00,50600,423367000
8229-T,CFS,東証1部,587.00,594.00,585.00,588.00,3500,2056000
8230-O,はせがわ,大証2部,302.00,303.00,302.00,302.00,7600,2295300
8230-F,はせがわ,福証,,,,,0,0
8233-T,高島屋,東証1部,771.00,776.00,765.00,774.00,591000,455990000
8233-O,高島屋,大証1部,,,,,0,0
8236-T,丸善,東証1部,99.00,101.00,99.00,101.00,90000,9029000
8237-T,松屋,東証1部,907.00,917.00,902.00,915.00,37600,34270200
8242-T,H2Oリテイル,東証1部,584.00,590.00,578.00,587.00,171000,100034000
8242-O,H2Oリテイル,大証1部,,,,,0,0
8244-O,近鉄百,大証1部,165.00,165.00,165.00,165.00,13000,2145000
8245-T,丸栄,東証1部,172.00,172.00,172.00,172.00,4000,688000
8246-F,岩田屋,福証,308.00,308.00,308.00,308.00,4500,1386000
8247-T,大和,東証2部,109.00,109.00,109.00,109.00,1000,109000
8247-O,大和,大証2部,,,,,0,0
8248-T,ニッセンHD,東証1部,309.00,313.00,309.00,313.00,1900,592300
8248-O,ニッセンHD,大証1部,310.00,313.00,309.00,310.00,96800,30080300
8249-T,テクノアソシエ,東証2部,725.00,730.00,724.00,730.00,500,362800
8249-O,テクノアソシエ,大証2部,,,,,0,0
8251-T,パルコ,東証1部,887.00,905.00,887.00,904.00,92200,82827600
8252-T,丸井G,東証1部,648.00,654.00,645.00,654.00,707500,460361200
8253-T,クレセゾン,東証1部,1245.00,1248.00,1232.00,1242.00,1131400,1402857600
8254-T,サイカ屋,東証2部,87.00,87.00,83.00,86.00,76000,6454000
8255-T,原信ナルス,東証1部,1032.00,1043.00,1032.00,1041.00,2400,2488500
8256-J,プロルート,JQ,,,,,0,0
8257-J,山陽百,JQ,,,,,0,0
8258-T,セディナ,東証1部,168.00,168.00,166.00,168.00,351700,58739200
8260-T,井筒屋,東証1部,52.00,52.00,52.00,52.00,70000,3640000
8260-F,井筒屋,福証,,,,,0,0
8263-T,ダイエー,東証1部,396.00,399.00,394.00,395.00,142600,56521750
8266-T,イズミヤ,東証1部,577.00,583.00,574.00,581.00,130000,75281000
8266-O,イズミヤ,大証1部,,,,,0,0
8267-T,イオン,東証1部,962.00,970.00,956.00,968.00,910100,877771700
8270-T,ユニー,東証1部,781.00,786.00,772.00,783.00,253400,197643100
8273-T,イズミ,東証1部,1350.00,1359.00,1332.00,1356.00,112200,151445400
8273-O,イズミ,大証1部,,,,,0,0
8274-T,東武ストア,東証1部,309.00,309.00,305.00,308.00,20000,6127000
8275-J,フォーバル,JQ,222.00,227.00,222.00,227.00,600,135100
8276-T,平和堂,東証1部,1343.00,1355.00,1332.00,1351.00,27500,36995800
8276-O,平和堂,大証1部,,,,,0,0
8278-T,フジ,東証1部,1782.00,1803.00,1781.00,1798.00,10500,18816100
8278-O,フジ,大証1部,,,,,0,0
8279-T,ヤオコー,東証1部,2990.00,2995.00,2975.00,2985.00,5300,15822000
8281-T,ゼビオ,東証1部,1954.00,1969.00,1938.00,1959.00,62400,122042900
8282-T,ケーズHD,東証1部,2870.00,2885.00,2835.00,2880.00,146000,418715500
8287-O,MV西日本,大証2部,1385.00,1388.00,1385.00,1388.00,800,1108500
8289-T,Olympic,東証1部,610.00,612.00,609.00,612.00,3100,1893500
8291-T,東日CLG,東証1部,122.00,122.00,120.00,121.00,58000,6974000
8298-J,ファミリー,JQ,,,,,0,0
8301-J,日銀SC,JQ,,,,,0,0
8303-T,新生銀,東証1部,158.00,158.00,156.00,157.00,4494000,705720000
8304-T,あおぞら,東証1部,138.00,139.00,137.00,137.00,1378000,190007000
8306-T,三菱UFJ,東証1部,586.00,593.00,585.00,593.00,23901000,14058796400
8306-O,三菱UFJ,大証1部,,,,,0,0
8308-T,りそなHD,東証1部,1264.00,1271.00,1260.00,1267.00,805900,1020376000
8308-O,りそなHD,大証1部,,,,,0,0
8309-T,中央三井,東証1部,384.00,390.00,382.00,387.00,4446000,1719876000
8309-O,中央三井,大証1部,,,,,0,0
8316-T,三井住友,東証1部,3980.00,4010.00,3970.00,4000.00,3127000,12485594000
8316-O,三井住友,大証1部,,,,,0,0
8324-T,第四銀,東証1部,383.00,384.00,380.00,384.00,122000,46589000
8325-T,北越銀,東証1部,189.00,189.00,187.00,188.00,57000,10727000
8327-T,西日シ銀,東証1部,243.00,245.00,241.00,242.00,697000,169178000
8327-O,西日シ銀,大証1部,,,,,0,0
8327-F,西日シ銀,福証,,,,,0,0
8328-T,札幌北洋,東証1部,326.00,329.00,323.00,329.00,438200,143259400
8328-S,札幌北洋,札証,,,,,0,0
8331-T,千葉銀,東証1部,576.00,580.00,575.00,580.00,868000,500879000
8332-T,横浜銀,東証1部,512.00,514.00,508.00,514.00,2117000,1083442000
8333-T,常陽銀,東証1部,469.00,470.00,466.00,470.00,455000,212878000
8334-T,群馬銀,東証1部,519.00,523.00,516.00,523.00,466000,242594000
8336-T,武蔵銀,東証1部,3240.00,3270.00,3230.00,3260.00,25400,82527000
8337-T,千葉興,東証1部,790.00,800.00,790.00,800.00,40000,31723500
8338-T,関東ツクバ,東証1部,318.00,322.00,317.00,321.00,28700,9161800
8339-T,都民銀,東証1部,1683.00,1695.00,1670.00,1694.00,44300,74693600
8341-T,七十七,東証1部,553.00,558.00,548.00,557.00,317000,175512000
8341-S,七十七,札証,,,,,0,0
8342-T,青森銀,東証1部,377.00,377.00,374.00,377.00,40000,15035000
8343-T,秋田銀,東証1部,363.00,371.00,363.00,371.00,136000,50060000
8344-T,山形銀,東証1部,511.00,520.00,507.00,519.00,178000,91514000
8345-T,岩手銀,東証1部,5450.00,5460.00,5440.00,5450.00,7400,40310000
8346-T,東邦銀,東証1部,426.00,428.00,424.00,428.00,90000,38321000
8347-T,荘内銀行,東証1部,164.00,167.00,164.00,167.00,24000,3962000
8349-T,東北銀,東証1部,152.00,153.00,151.00,152.00,28000,4255000
8350-T,みち銀,東証1部,200.00,202.00,200.00,201.00,15000,3015000
8354-T,ふくおか,東証1部,411.00,413.00,408.00,412.00,1431000,588031000
8354-O,ふくおか,大証1部,,,,,0,0
8354-F,ふくおか,福証,,,,,0,0
8355-T,静岡銀,東証1部,953.00,958.00,948.00,958.00,719000,686229000
8356-T,十六銀,東証1部,340.00,342.00,337.00,342.00,127000,43118000
8358-T,スルガ銀,東証1部,898.00,909.00,895.00,906.00,605000,546419000
8359-T,八十二,東証1部,527.00,530.00,523.00,530.00,409000,215636000
8360-T,山梨銀,東証1部,498.00,503.00,497.00,502.00,64000,31972000
8361-T,大垣銀,東証1部,373.00,376.00,372.00,376.00,882000,330185000
8362-T,福井銀,東証1部,309.00,309.00,305.00,308.00,81000,24875000
8363-T,北国銀,東証1部,344.00,348.00,343.00,347.00,117000,40405000
8363-O,北国銀,大証1部,,,,,0,0
8364-T,清水銀,東証1部,3680.00,3680.00,3650.00,3670.00,4000,14644000
8366-T,滋賀銀,東証1部,587.00,588.00,585.00,587.00,145000,85020000
8366-O,滋賀銀,大証1部,,,,,0,0
8367-T,南都銀,東証1部,546.00,546.00,546.00,546.00,1000,546000
8367-O,南都銀,大証1部,544.00,551.00,542.00,548.00,71000,38708000
8368-T,百五銀,東証1部,475.00,478.00,473.00,477.00,115000,54718000
8369-T,京都銀,東証1部,895.00,901.00,887.00,900.00,599000,536933000
8369-O,京都銀,大証1部,,,,,0,0
8372-O,泉州銀,大証1部,194.00,194.00,193.00,193.00,16000,3092000
8374-T,三重銀,東証1部,333.00,337.00,332.00,333.00,43000,14345000
8375-T,池田銀,東証1部,3590.00,3590.00,3550.00,3570.00,5500,19604000
8375-O,池田銀,大証1部,,,,,0,0
8377-T,ほくほく,東証1部,228.00,229.00,226.00,228.00,1037000,236052000
8377-S,ほくほく,札証,,,,,0,0
8379-T,広島銀,東証1部,391.00,392.00,390.00,391.00,340000,132912000
8381-T,山合銀,東証1部,867.00,877.00,864.00,875.00,92000,80128000
8381-O,山合銀,大証1部,,,,,0,0
8382-T,中国銀,東証1部,1240.00,1245.00,1230.00,1244.00,153000,189614000
8382-O,中国銀,大証1部,,,,,0,0
8383-T,鳥取銀,東証1部,258.00,258.00,258.00,258.00,1000,258000
8383-O,鳥取銀,大証1部,259.00,259.00,258.00,259.00,9000,2326000
8385-T,伊予銀,東証1部,905.00,911.00,901.00,910.00,321000,291309000
8385-O,伊予銀,大証1部,,,,,0,0
8386-T,百十四,東証1部,444.00,449.00,442.00,449.00,73000,32484000
8386-O,百十四,大証1部,,,,,0,0
8387-T,四国銀,東証1部,343.00,343.00,340.00,342.00,28000,9569000
8387-O,四国銀,大証1部,,,,,0,0
8388-T,阿波銀,東証1部,551.00,551.00,546.00,551.00,141000,77557000
8388-O,阿波銀,大証1部,,,,,0,0
8390-T,鹿児銀,東証1部,741.00,744.00,735.00,743.00,86000,63692000
8390-O,鹿児銀,大証1部,,,,,0,0
8390-F,鹿児銀,福証,,,,,0,0
8392-T,大分銀,東証1部,406.00,406.00,402.00,406.00,375000,151371000
8392-F,大分銀,福証,,,,,0,0
8393-T,宮崎銀,東証1部,385.00,385.00,380.00,384.00,73000,27897000
8393-F,宮崎銀,福証,,,,,0,0
8394-T,肥後銀,東証1部,590.00,594.00,589.00,592.00,91000,53789000
8394-O,肥後銀,大証1部,,,,,0,0
8394-F,肥後銀,福証,,,,,0,0
8395-T,佐賀銀,東証1部,317.00,322.00,317.00,320.00,101000,32289000
8395-F,佐賀銀,福証,,,,,0,0
8396-T,十八銀,東証1部,298.00,301.00,297.00,298.00,27000,8058000
8396-O,十八銀,大証1部,,,,,0,0
8396-F,十八銀,福証,,,,,0,0
8397-T,沖縄銀,東証1部,3650.00,3660.00,3640.00,3640.00,5100,18616000
8397-F,沖縄銀,福証,,,,,0,0
8398-F,筑邦銀,福証,,,,,0,0
8399-T,琉球銀,東証1部,1270.00,1278.00,1264.00,1276.00,45600,57992800
8399-F,琉球銀,福証,,,,,0,0
8403-T,住友信,東証1部,564.00,570.00,561.00,570.00,4119000,2331187000
8403-O,住友信,大証1部,,,,,0,0
8404-T,みずほ信,東証1部,119.00,120.00,119.00,120.00,1320000,157900000
8404-O,みずほ信,大証1部,,,,,0,0
8409-T,八千代銀,東証1部,2705.00,2710.00,2675.00,2700.00,3800,10252500
8410-J,セブン銀行,JQ,239800.00,239900.00,236600.00,237200.00,4063,966208500
8411-T,みずほ,東証1部,222.00,224.00,221.00,224.00,64824800,14433654900
8411-O,みずほ,大証1部,,,,,0,0
8415-T,紀陽HD,東証1部,120.00,120.00,118.00,120.00,360000,42905000
8415-O,紀陽HD,大証1部,,,,,0,0
8416-T,高知銀行,東証2部,82.00,83.00,82.00,83.00,17000,1397000
8418-T,山口FG,東証1部,1081.00,1089.00,1074.00,1089.00,253000,273729000
8421-T,信金中金PS,東証,150000.00,152000.00,150000.00,152000.00,21,3181900
8423-T,フィデック,東証1部,11830.00,11830.00,11600.00,11820.00,91,1064370
8424-T,芙蓉リース,東証1部,2075.00,2120.00,2060.00,2120.00,24400,51159500
8425-T,興銀リース,東証1部,1409.00,1417.00,1397.00,1416.00,120800,170147100
8426-T,ニッシン債権,東証マザーズ,2725.00,2780.00,2705.00,2780.00,524,1442250
8439-T,東センリース,東証1部,1077.00,1099.00,1065.00,1099.00,134100,145665700
8458-J,DSキャピタル,JQ,550.00,550.00,550.00,550.00,1200,660000
8462-H,フューチャーVC,HCスタンダード,,,,,0,0
8473-T,SBI,東証1部,21900.00,21950.00,21680.00,21920.00,50721,1107150660
8473-O,SBI,大証1部,,,,,0,0
8489-J,COS,JQ,116.00,120.00,116.00,116.00,2700,318900
8508-O,Jトラスト,大証2部,235.00,241.00,231.00,232.00,16900,3938400
8511-T,日証金,東証1部,774.00,786.00,768.00,785.00,235300,182832100
8512-T,大証金,東証1部,222.00,225.00,222.00,225.00,600,134500
8512-O,大証金,大証1部,224.00,224.00,221.00,223.00,11700,2610800
8514-S,RHインシグノ,札証,50.00,53.00,50.00,53.00,16000,825000
8515-T,アイフル,東証1部,271.00,274.00,268.00,273.00,6012600,1627761950
8515-O,アイフル,大証1部,,,,,0,0
8518-T,アジア投資,東証1部,69.00,71.00,69.00,71.00,214000,14932000
8519-T,ポケットC,東証1部,259.00,260.00,258.00,260.00,16800,4351000
8519-O,ポケットC,大証1部,,,,,0,0
8520-T,きらやか,東証2部,83.00,83.00,82.00,83.00,1500,123400
8521-T,長野銀,東証1部,209.00,212.00,209.00,212.00,22000,4626000
8522-T,名銀,東証1部,411.00,415.00,411.00,415.00,99000,40877000
8527-T,愛知銀,東証1部,8280.00,8400.00,8280.00,8390.00,4100,34201000
8529-T,第三銀,東証1部,239.00,239.00,235.00,239.00,71000,16800000
8530-T,中京銀,東証1部,289.00,289.00,287.00,288.00,49000,14125000
8536-T,東日銀,東証1部,216.00,217.00,215.00,216.00,21000,4532000
8537-T,大光銀,東証2部,280.00,281.00,280.00,281.00,7000,1962000
8540-F,福中銀,福証,,,,,0,0
8541-T,愛媛銀,東証1部,267.00,269.00,265.00,268.00,42000,11219000
8541-O,愛媛銀,大証1部,,,,,0,0
8542-T,トマト銀,東証1部,227.00,227.00,225.00,227.00,17000,3840000
8542-O,トマト銀,大証1部,,,,,0,0
8543-T,みなと銀,東証1部,137.00,138.00,137.00,138.00,2000,275000
8543-O,みなと銀,大証1部,136.00,139.00,136.00,138.00,51000,6985000
8544-T,京葉銀,東証1部,506.00,511.00,505.00,509.00,86000,43683000
8545-T,関西ア銀,東証1部,153.00,153.00,152.00,152.00,5000,761000
8545-O,関西ア銀,大証1部,153.00,153.00,151.00,152.00,117000,17790000
8550-T,栃木銀,東証1部,490.00,495.00,487.00,495.00,94000,46117000
8551-T,北日銀,東証1部,2745.00,2795.00,2740.00,2755.00,15200,41990000
8552-O,びわこ銀,大証1部,94.00,95.00,94.00,95.00,14000,1325000
8554-F,南日銀,福証,290.00,290.00,290.00,290.00,2000,580000
8556-T,香川銀,東証1部,394.00,397.00,392.00,397.00,28000,11043000
8558-T,東和銀,東証1部,65.00,65.00,64.00,65.00,175000,11290000
8559-F,豊和銀,福証,,,,,0,0
8560-F,宮崎太,福証,,,,,0,0
8561-T,徳島銀,東証1部,484.00,484.00,481.00,483.00,10000,4828000
8561-O,徳島銀,大証1部,,,,,0,0
8562-T,福島銀,東証1部,64.00,65.00,64.00,65.00,139000,8918000
8563-T,大東銀,東証1部,88.00,90.00,88.00,89.00,158000,14094000
8564-T,武富士,東証1部,469.00,471.00,467.00,471.00,1227140,575489760
8566-T,リコーリース,東証1部,2035.00,2060.00,2020.00,2060.00,18700,38151500
8570-T,イオンクレ,東証1部,1052.00,1056.00,1042.00,1056.00,468900,491892800
8571-T,NIS,東証1部,43.00,44.00,42.00,44.00,34900,1506500
8572-T,アコム,東証1部,1904.00,1919.00,1892.00,1908.00,161370,307608220
8574-T,プロミス,東証1部,884.00,898.00,880.00,895.00,706750,627697350
8577-T,ロプロ,東証1部,29.00,29.00,28.00,29.00,11400,330500
8577-O,ロプロ,大証1部,29.00,29.00,28.00,28.00,317700,9075500
8584-T,ジャックス,東証1部,242.00,243.00,242.00,242.00,138000,33445000
8584-S,ジャックス,札証,,,,,0,0
8585-T,オリコ,東証2部,104.00,106.00,103.00,105.00,862500,89885500
8585-O,オリコ,大証2部,,,,,0,0
8586-T,日立キャピ,東証1部,1355.00,1376.00,1351.00,1374.00,109700,150000700
8589-O,アプラス,大証1部,91.00,91.00,90.00,91.00,112500,10190500
8591-T,オリックス,東証1部,6820.00,7140.00,6780.00,7090.00,3702330,25976819400
8591-O,オリックス,大証1部,6860.00,7080.00,6860.00,7080.00,190,1321000
8593-T,三菱Uリース,東証1部,2965.00,2995.00,2930.00,2995.00,116030,344901950
8594-S,中道リース,札証,,,,,0,0
8595-T,ジャフコ,東証1部,3220.00,3270.00,3200.00,3240.00,104200,337676000
8596-F,九州リース,福証,,,,,0,0
8601-T,大和証G,東証1部,559.00,567.00,556.00,567.00,7648000,4300961000
8601-O,大和証G,大証1部,,,,,0,0
8604-T,野村HD,東証1部,808.00,815.00,804.00,813.00,9439800,7646167400
8604-O,野村HD,大証1部,,,,,0,0
8606-T,みずほ証,東証1部,343.00,351.00,341.00,351.00,2360000,816958000
8606-O,みずほ証,大証1部,,,,,0,0
8607-T,ミズホイン証,東証1部,111.00,111.00,110.00,111.00,226000,25041000
8607-O,ミズホイン証,大証1部,,,,,0,0
8609-T,岡三,東証1部,465.00,471.00,465.00,471.00,144000,67357000
8609-O,岡三,大証1部,,,,,0,0
8613-T,丸三証,東証1部,636.00,642.00,633.00,639.00,41900,26721600
8613-O,丸三証,大証1部,,,,,0,0
8614-T,東洋証,東証1部,231.00,234.00,229.00,234.00,168000,38940000
8614-O,東洋証,大証1部,,,,,0,0
8616-T,東海東京,東証1部,337.00,338.00,333.00,337.00,544000,182605000
8616-O,東海東京,大証1部,,,,,0,0
8617-T,光世証,東証1部,111.00,113.00,111.00,113.00,41000,4586000
8617-O,光世証,大証1部,,,,,0,0
8622-T,水戸証,東証1部,259.00,260.00,257.00,260.00,51000,13171000
8624-T,いちよし,東証1部,660.00,669.00,651.00,666.00,108000,71290100
8624-O,いちよし,大証1部,,,,,0,0
8625-T,高木証,東証2部,196.00,198.00,193.00,197.00,68000,13287000
8625-O,高木証,大証2部,,,,,0,0
8628-T,松井証,東証1部,871.00,878.00,866.00,874.00,501500,437647100
8634-T,JPMC,東証1部外国,4000.00,4000.00,4000.00,4000.00,100,400000
8648-T,バンクアメリカ,東証1部外国,1655.00,1679.00,1652.00,1678.00,4190,6959280
8657-T,UBSAG,東証1部外国,1770.00,1770.00,1720.00,1720.00,520,897100
8678-O,スペイン,大証,,,,,0,0
8681-O,コリアエクイティ,大証,,,,,0,0
8682-O,MSアジア,大証,,,,,0,0
8685-T,AIG,東証1部外国,3690.00,3700.00,3630.00,3690.00,46031,169162940
8686-T,AFL,東証1部外国,3850.00,3870.00,3830.00,3830.00,2050,7874500
8689-T,エイゴン,東証1部外国,,,,,0,0
8692-T,だいこう,東証1部,520.00,524.00,519.00,522.00,16100,8383400
8692-O,だいこう,大証1部,,,,,0,0
8697-H,大証,HCスタンダード,417000.00,418000.00,414000.00,417000.00,500,207949000
8698-T,マネックスG,東証1部,40000.00,40450.00,39900.00,40150.00,3054,122609350
8699-H,澤田HD,HCスタンダード,393.00,393.00,387.00,387.00,6200,2413700
8700-J,丸八証券,JQ,,,,,0,0
8702-H,スターHD,HCスタンダード,144.00,144.00,144.00,144.00,100,14400
8702-F,スターHD,福証,,,,,0,0
8703-T,KABU.COM,東証1部,115800.00,116800.00,115300.00,116000.00,2684,311363300
8704-H,トレイダーズ,HCスタンダード,7630.00,7630.00,7610.00,7620.00,37,281990
8705-J,岡藤HD,JQ,195.00,196.00,195.00,196.00,200,39100
8706-T,極東証券,東証1部,733.00,745.00,730.00,743.00,83000,61151400
8707-T,岩井証券,東証1部,845.00,866.00,845.00,864.00,15000,12828400
8707-O,岩井証券,大証1部,,,,,0,0
8708-J,アイザワ証,JQ,228.00,229.00,227.00,229.00,8900,2031700
8709-H,インヴァスト,HCスタンダード,33800.00,33800.00,33500.00,33500.00,7,235100
8710-T,Citi,東証1部外国,428.00,430.00,424.00,428.00,308250,131633550
8711-J,FXプライム,JQ,523.00,525.00,522.00,523.00,3400,1779100
8718-H,JPNHD,HCスタンダード,511.00,515.00,511.00,515.00,1100,565700
8720-O,ベンチャーB,大証,1062.00,1100.00,1062.00,1100.00,350,378590
8721-O,ベンチャーRV,大証,,,,,0,0
8725-T,三住海上,東証1部,2580.00,2615.00,2565.00,2615.00,1049200,2723242000
8725-O,三住海上,大証1部,,,,,0,0
8728-H,M2J,HCスタンダード,23500.00,23600.00,23450.00,23500.00,28,658030
8729-T,SONYFH,東証1部,282100.00,284300.00,280300.00,284300.00,1536,434488300
8732-H,マネパG,HCスタンダード,50300.00,51600.00,50200.00,50600.00,3642,185004100
8734-J,アストマックス,JQ,22800.00,23350.00,22770.00,23350.00,16,368140
8737-O,黒川木徳,大証2部,65.00,65.00,64.00,64.00,26000,1679000
8738-J,ひまわり,JQ,523.00,524.00,521.00,523.00,4700,2454300
8739-J,スパークスG,JQ,14700.00,14800.00,14600.00,14640.00,904,13252510
8740-J,フジトミ,JQ,181.00,181.00,180.00,180.00,1600,288200
8742-T,小林洋行,東証1部,324.00,331.00,324.00,330.00,1400,460100
8744-J,ユニコムGHD,JQ,287.00,287.00,287.00,287.00,800,229600
8746-J,第一商品,JQ,,,,,0,0
8747-J,豊商事,JQ,,,,,0,0
8749-J,エース交易,JQ,293.00,293.00,293.00,293.00,2900,849700
8754-T,日本興亜,東証1部,561.00,568.00,556.00,566.00,959000,540056000
8754-O,日本興亜,大証1部,,,,,0,0
8755-T,損保JPN,東証1部,621.00,629.00,617.00,628.00,2469000,1543125000
8755-O,損保JPN,大証1部,,,,,0,0
8755-S,損保JPN,札証,,,,,0,0
8755-F,損保JPN,福証,,,,,0,0
8759-T,ニッセイ同和,東証1部,463.00,469.00,462.00,469.00,267000,124287000
8759-O,ニッセイ同和,大証1部,,,,,0,0
8761-T,あいおい,東証1部,454.00,460.00,451.00,459.00,369000,168460000
8761-O,あいおい,大証1部,,,,,0,0
8763-T,富士火,東証1部,129.00,131.00,128.00,131.00,717000,93087000
8763-O,富士火,大証1部,,,,,0,0
8766-T,東京海上,東証1部,2735.00,2775.00,2720.00,2775.00,1085700,2991381500
8766-O,東京海上,大証1部,,,,,0,0
8767-T,ウェブクルー,東証マザーズ,78100.00,78400.00,78100.00,78100.00,15,1172500
8769-H,ARM,HCグロース,,,,,0,0
8771-J,Eギャランティ,JQ,266000.00,267000.00,266000.00,266000.00,7,1863000
8772-T,アサックス,東証1部,100200.00,100500.00,99900.00,100500.00,64,6408700
8783-J,グラウンド,JQ,,,,,0,0
8787-J,UCS,JQ,,,,,0,0
8789-T,フィンテック,東証マザーズ,3930.00,3950.00,3780.00,3930.00,683,2654000
8793-T,NECキャピ,東証1部,1424.00,1438.00,1416.00,1431.00,13400,19144800
8795-T,T&DHD,東証1部,2795.00,2835.00,2780.00,2835.00,530450,1493314250
8795-O,T&DHD,大証1部,,,,,0,0
8798-H,アドバンスク,HCスタンダード,59200.00,59200.00,58800.00,59000.00,46,2710000
8801-T,三井不,東証1部,1736.00,1754.00,1727.00,1754.00,2923000,5088348000
8801-O,三井不,大証1部,,,,,0,0
8802-T,菱地所,東証1部,1506.00,1523.00,1497.00,1523.00,3457000,5220772000
8802-O,菱地所,大証1部,,,,,0,0
8802-S,菱地所,札証,,,,,0,0
8802-F,菱地所,福証,,,,,0,0
8803-T,平和不,東証1部,325.00,331.00,323.00,330.00,529500,173287500
8803-O,平和不,大証1部,,,,,0,0
8803-S,平和不,札証,,,,,0,0
8803-F,平和不,福証,,,,,0,0
8804-T,東建物,東証1部,530.00,538.00,525.00,533.00,2629000,1399800000
8806-T,ダイビル,東証1部,853.00,859.00,849.00,858.00,700,599400
8806-O,ダイビル,大証1部,845.00,855.00,835.00,853.00,46300,39217200
8809-T,サンケイビル,東証1部,715.00,720.00,713.00,720.00,64900,46492200
8809-O,サンケイビル,大証1部,,,,,0,0
8810-J,港振興P,JQ,1601.00,1680.00,1601.00,1650.00,800,1311200
8815-T,東急不,東証1部,414.00,419.00,411.00,415.00,2115000,876747000
8818-T,京阪不,東証1部,487.00,487.00,487.00,487.00,1000,487000
8818-O,京阪不,大証1部,482.00,486.00,482.00,486.00,27000,13069000
8821-T,立飛企,東証2部,5200.00,5200.00,5200.00,5200.00,4000,20800000
8830-T,住友不,東証1部,2000.00,2035.00,1988.00,2020.00,3402000,6829280000
8830-O,住友不,大証1部,,,,,0,0
8833-T,東宝不,東証1部,548.00,558.00,546.00,554.00,9500,5233900
8835-T,太平発,東証1部,84.00,85.00,83.00,84.00,289000,24326000
8836-J,RISE,JQ,4.00,4.00,3.00,4.00,132000,491000
8838-T,有楽地,東証1部,307.00,308.00,301.00,306.00,82000,25016000
8840-T,大京,東証1部,234.00,240.00,231.00,240.00,11272000,2656028000
8841-T,テーオーシー,東証1部,430.00,437.00,425.00,434.00,184200,79236200
8842-T,楽天地,東証1部,384.00,386.00,384.00,386.00,4000,1540000
8844-J,コスモスイニシア,JQ,46.00,46.00,44.00,45.00,207000,9365000
8848-T,レオパレス21,東証1部,844.00,846.00,839.00,843.00,433800,365668700
8850-J,スターツ,JQ,350.00,350.00,350.00,350.00,2500,875000
8851-O,アーバンライフ,大証2部,,,,,0,0
8854-O,日住サ,大証2部,184.00,184.00,184.00,184.00,2000,368000
8860-T,フジ住,東証1部,356.00,357.00,353.00,353.00,600,213400
8860-O,フジ住,大証1部,353.00,358.00,351.00,353.00,39700,14051900
8864-T,空港施設,東証1部,546.00,550.00,542.00,550.00,16600,9057100
8866-J,コマーシャルRE,JQ,,,,,0,0
8869-T,明和地所,東証1部,660.00,666.00,657.00,659.00,11300,7469900
8870-T,住不販売,東証1部,4060.00,4070.00,3990.00,4050.00,93150,375419200
8871-T,ゴールドクレ,東証1部,2740.00,2755.00,2700.00,2720.00,189700,517356250
8872-J,エイブル,JQ,905.00,905.00,902.00,905.00,1100,993800
8875-T,東栄住宅,東証1部,800.00,815.00,780.00,815.00,167500,134980400
8876-J,リロHLD,JQ,1178.00,1178.00,1165.00,1175.00,8200,9597700
8877-T,エスリード,東証1部,1313.00,1321.00,1305.00,1313.00,26300,34548700
8877-O,エスリード,大証1部,,,,,0,0
8879-T,東急リバ,東証1部,861.00,869.00,857.00,866.00,51100,44120700
8880-T,飯田産業,東証1部,1630.00,1635.00,1617.00,1631.00,35300,57465000
8881-T,日神不動,東証1部,519.00,519.00,512.00,518.00,51600,26574600
8885-H,ラ･アトレ,HCグロース,,,,,0,0
8886-J,ウッドフレンス,JQ,,,,,0,0
8887-J,リベレステ,JQ,83900.00,83900.00,83400.00,83700.00,9,753500
8889-H,アパマンショ,HCスタンダード,4660.00,4780.00,4620.00,4690.00,5109,23895640
8890-J,レーサム,JQ,24900.00,24990.00,24510.00,24770.00,350,8647140
8891-T,エムジーホーム,東証2部,109700.00,112000.00,108500.00,112000.00,13,1429300
8892-J,日本エスコン,JQ,5050.00,5210.00,4850.00,4950.00,3944,19686060
8893-J,新日建物,JQ,67.00,68.00,67.00,68.00,49500,3361900
8894-O,原弘産,大証2部,88.00,89.00,88.00,89.00,41100,3625600
8895-T,アーネストワン,東証1部,791.00,797.00,784.00,790.00,195400,154353100
8897-T,タカラレーベン,東証1部,352.00,358.00,339.00,355.00,451200,157378600
8898-J,センチュリー21,JQ,,,,,0,0
8900-J,セイクレスト,JQ,405.00,407.00,401.00,406.00,53267,21455952
8903-J,サンウッド,JQ,84000.00,84000.00,84000.00,84000.00,1,84000
8904-T,サンヨーナゴヤ,東証1部,82500.00,82600.00,81200.00,82600.00,138,11305000
8905-T,イオンモール,東証1部,2180.00,2225.00,2165.00,2220.00,370300,816783000
8907-T,フージャース,東証1部,8750.00,9100.00,8220.00,8400.00,11746,101418620
8908-J,毎コムネット,JQ,335.00,335.00,335.00,335.00,700,234500
8909-J,シノケンG,JQ,12800.00,13240.00,12800.00,13240.00,12,157650
8910-T,サンシティ,東証1部,2420.00,2445.00,2400.00,2415.00,1571,3795955
8912-T,エリアクエスト,東証マザーズ,2635.00,2685.00,2550.00,2685.00,3324,8801385
8913-T,ゼクス,東証1部,930.00,957.00,915.00,931.00,88229,82860411
8914-T,エリアリンク,東証マザーズ,7290.00,7630.00,7230.00,7630.00,14833,111064960
8915-T,タクトホーム,東証1部,62800.00,65000.00,60000.00,64000.00,389,24389400
8917-O,ファースト住,大証2部,580.00,596.00,580.00,587.00,16900,9899800
8918-T,ランド,東証1部,96.00,98.00,94.00,98.00,240900,23160700
8920-J,東祥,JQ,602.00,602.00,597.00,597.00,1100,659100
8922-T,IDU,東証マザーズ,14790.00,14790.00,14350.00,14350.00,841,12207510
8923-T,トーセイ,東証2部,34750.00,35500.00,34400.00,35300.00,839,29331550
8924-T,リサパートナー,東証1部,81500.00,81900.00,81100.00,81800.00,845,68885100
8925-T,アルデプロ,東証マザーズ,1360.00,1468.00,1350.00,1420.00,329671,470645425
8927-J,明豊エンター,JQ,140.00,141.00,137.00,141.00,22600,3125400
8928-O,穴吹興産,大証1部,204.00,205.00,204.00,205.00,7000,1431000
8929-T,船井財産,東証マザーズ,34600.00,34750.00,33950.00,34650.00,58,1991350
8931-J,和田興産,JQ,313.00,315.00,312.00,315.00,6100,1913700
8933-T,NTT都市,東証1部,87900.00,88900.00,87400.00,88900.00,3668,323247600
8934-T,サンフロンティア,東証1部,26100.00,26360.00,25200.00,26150.00,288,7414840
8935-T,FJネクスト,東証2部,350.00,350.00,345.00,349.00,1400,484700
8938-H,ロジコム,HCグロース,62000.00,62000.00,62000.00,62000.00,2,124000
8939-T,大和システム,東証1部,230.00,234.00,230.00,232.00,10800,2493400
8940-T,インテリックス,東証2部,93900.00,94900.00,91000.00,91000.00,71,6677900
8944-T,ランビジネス,東証1部,30000.00,30100.00,29600.00,30050.00,217,6500110
8945-T,社宅S,東証マザーズ,,,,,0,0
8946-J,陽光都市,JQ,17300.00,18500.00,17300.00,18500.00,38,675600
8951-T,日本ビルF,東証,809000.00,814000.00,808000.00,814000.00,919,745047000
8952-T,JRE,東証,746000.00,752000.00,745000.00,750000.00,602,451027000
8953-T,日本リテール,東証,485000.00,491000.00,485000.00,491000.00,280,136942000
8954-T,オリックスJRE,東証,474000.00,481000.00,474000.00,481000.00,382,182908000
8955-T,日本プラR,東証,212400.00,215800.00,212400.00,215800.00,1014,217408000
8956-T,プレミア投,東証,391000.00,391000.00,388000.00,389000.00,108,42080000
8957-T,東急RE,東証,506000.00,510000.00,505000.00,508000.00,130,65949000
8958-T,グロバルRE,東証,715000.00,723000.00,715000.00,722000.00,221,159005000
8959-T,野村オフィス,東証,612000.00,616000.00,612000.00,615000.00,508,312430000
8960-T,ユナイテッドU,東証,495000.00,504000.00,494000.00,502000.00,187,93253000
8961-T,森トラストRE,東証,748000.00,753000.00,748000.00,750000.00,135,101255000
8962-T,日本レジ,東証,231000.00,233300.00,230700.00,232200.00,536,124372500
8963-T,東京Gリート,東証,106800.00,107600.00,106000.00,107200.00,45,4809100
8964-T,フロンティアRE,東証,639000.00,643000.00,639000.00,641000.00,258,165396000
8966-T,クレッシェンド,東証,144000.00,149300.00,143000.00,148500.00,112,16303600
8967-T,日本ロジ,東証,633000.00,637000.00,632000.00,634000.00,81,51400000
8968-T,福岡リート,東証,483000.00,484000.00,480000.00,482000.00,102,49165000
8968-F,福岡リート,福証,,,,,0,0
8969-T,プロリート,東証,113000.00,113000.00,112400.00,112500.00,107,12046300
8970-T,Jシングル,東証,102500.00,103900.00,102500.00,102700.00,23,2370900
8972-T,ケネディクスR,東証,339000.00,351000.00,339000.00,351000.00,484,167256000
8973-T,ジョイントR,東証,244600.00,246900.00,244500.00,246000.00,203,49918800
8974-T,ラサールJ,東証,148000.00,148300.00,146500.00,147900.00,191,28194800
8975-T,FCR,東証,206800.00,207600.00,205100.00,207500.00,20,4129700
8976-T,DAオフィス,東証,293700.00,294900.00,291800.00,293800.00,332,97349700
8977-T,阪急リート,東証,428000.00,429000.00,426000.00,428000.00,117,50059000
8978-T,ADR,東証,368000.00,370000.00,366000.00,366000.00,164,60252000
8979-J,スターツPR,JQ,100000.00,100900.00,99900.00,100900.00,70,7025700
8980-T,LCP,東証,90000.00,91400.00,90000.00,91100.00,75,6817800
8981-T,JHR,東証,140000.00,141300.00,139800.00,140400.00,559,78425800
8982-T,TOPリート,東証,382000.00,386000.00,381000.00,384000.00,218,83594000
8983-T,Jオフィス,東証,103000.00,105000.00,102600.00,103100.00,129,13376200
8984-T,BLI,東証,358000.00,364000.00,358000.00,361000.00,120,43262000
8985-T,NHF,東証,164000.00,165000.00,163800.00,164000.00,53,8703500
8986-T,日賃貸,東証,101700.00,103400.00,101600.00,102600.00,117,11981900
8987-T,Jエクセレント,東証,444000.00,452000.00,443000.00,451000.00,223,99902000
8992-T,日本レップ,東証マザーズ,40300.00,40300.00,39200.00,39800.00,46,1819150
8995-O,誠建設,大証2部,41250.00,42700.00,41250.00,42700.00,18,758550
8996-F,ハウスフリダム,福証Q-Board,21100.00,21100.00,21100.00,21100.00,1,21100
8997-J,NPC,JQ,46700.00,47000.00,46700.00,47000.00,5,234500
8998-T,SBIライフ,東証マザーズ,53000.00,53000.00,53000.00,53000.00,1,53000
8999-T,グランディ,東証2部,40100.00,40500.00,40000.00,40250.00,24,964200
9001-T,東武,東証1部,581.00,583.00,579.00,582.00,2027000,1177902000
9003-T,相鉄,東証1部,400.00,401.00,400.00,400.00,72000,28802000
9005-T,東急,東証1部,456.00,459.00,454.00,458.00,774000,353490000
9006-T,京急,東証1部,775.00,780.00,772.00,778.00,255000,197848000
9007-T,小田急,東証1部,828.00,835.00,824.00,835.00,567000,471107000
9008-T,京王,東証1部,618.00,620.00,614.00,615.00,731000,450336000
9009-T,京成,東証1部,628.00,633.00,624.00,630.00,344000,216186000
9010-T,富士急,東証1部,424.00,424.00,423.00,423.00,10000,4233000
9012-J,秩父鉄,JQ,,,,,0,0
9014-T,新京成,東証1部,356.00,356.00,351.00,354.00,7000,2474000
9017-T,新潟交,東証2部,,,,,0,0
9020-T,JR東日本,東証1部,5860.00,5960.00,5860.00,5960.00,967600,5724961000
9020-O,JR東日本,大証1部,,,,,0,0
9021-T,JR西日本,東証1部,319000.00,321000.00,318000.00,319000.00,3548,1133780000
9021-O,JR西日本,大証1部,,,,,0,0
9021-F,JR西日本,福証,,,,,0,0
9022-T,JR東海,東証1部,612000.00,619000.00,610000.00,619000.00,3450,2124514000
9022-O,JR東海,大証1部,,,,,0,0
9027-S,ロジネットJ,札証,,,,,0,0
9028-T,ゼロ,東証2部,202.00,205.00,201.00,205.00,7400,1504400
9029-J,ヒガシ21,JQ,350.00,354.00,350.00,354.00,900,317200
9030-T,アート,東証1部,1620.00,1630.00,1609.00,1629.00,8900,14439700
9030-O,アート,大証1部,,,,,0,0
9031-T,西鉄,東証1部,361.00,363.00,361.00,363.00,60000,21729000
9031-F,西鉄,福証,,,,,0,0
9033-T,広電鉄,東証2部,,,,,0,0
9034-J,南総通運,JQ,510.00,510.00,510.00,510.00,1000,510000
9035-F,第一交通,福証,,,,,0,0
9036-J,東部ネット,JQ,610.00,610.00,603.00,603.00,900,546400
9037-T,ハマキョウ,東証1部,2545.00,2600.00,2540.00,2580.00,21800,56078000
9039-T,サカイ引越,東証1部,2290.00,2290.00,2290.00,2290.00,300,687000
9039-O,サカイ引越,大証1部,2320.00,2320.00,2285.00,2320.00,2900,6691500
9041-T,近鉄,東証1部,400.00,401.00,398.00,400.00,2224000,888996000
9041-O,近鉄,大証1部,,,,,0,0
9042-T,阪急阪神,東証1部,441.00,445.00,440.00,445.00,1327000,587340000
9042-O,阪急阪神,大証1部,,,,,0,0
9044-T,南海電,東証1部,410.00,413.00,410.00,413.00,13000,5341000
9044-O,南海電,大証1部,412.00,413.00,411.00,413.00,174000,71639000
9045-T,京阪電,東証1部,410.00,410.00,409.00,410.00,15000,6145000
9045-O,京阪電,大証1部,410.00,411.00,409.00,410.00,143000,58602000
9046-O,神電鉄,大証1部,410.00,410.00,410.00,410.00,2000,820000
9047-T,名糖運輸,東証1部,815.00,824.00,813.00,813.00,1100,896600
9048-T,名鉄,東証1部,316.00,318.00,315.00,318.00,317000,100316000
9049-O,京福電,大証2部,143.00,143.00,143.00,143.00,1000,143000
9051-J,センコン物流,JQ,,,,,0,0
9052-O,山陽電,大証1部,312.00,312.00,312.00,312.00,1000,312000
9055-T,アルプス物,東証2部,878.00,879.00,878.00,878.00,1800,1581400
9056-T,ヒューテック,東証2部,859.00,870.00,859.00,870.00,4000,3456200
9057-J,遠州トラック,JQ,695.00,700.00,695.00,699.00,700,488800
9058-T,トランコム,東証2部,1725.00,1745.00,1720.00,1745.00,3300,5703800
9059-T,カンダ,東証2部,,,,,0,0
9060-J,日ロジテム,JQ,275.00,275.00,275.00,275.00,1000,275000
9061-T,富士物,東証2部,,,,,0,0
9062-T,日通,東証1部,398.00,402.00,396.00,400.00,3203000,1278112000
9062-O,日通,大証1部,,,,,0,0
9063-T,岡県運,東証2部,121.00,122.00,121.00,122.00,31000,3756000
9064-T,ヤマトHD,東証1部,1498.00,1505.00,1481.00,1500.00,1735000,2592145000
9065-T,山九,東証1部,419.00,421.00,412.00,420.00,848000,354046000
9065-F,山九,福証,,,,,0,0
9066-T,日新,東証1部,256.00,259.00,254.00,256.00,58000,14861000
9066-O,日新,大証1部,,,,,0,0
9067-T,丸運,東証1部,266.00,268.00,264.00,268.00,1800,477500
9068-T,丸全運,東証1部,305.00,308.00,303.00,308.00,28000,8570000
9069-T,センコー,東証1部,361.00,368.00,361.00,366.00,74000,27026000
9069-O,センコー,大証1部,,,,,0,0
9070-T,トナミHD,東証1部,277.00,277.00,272.00,275.00,40000,11000000
9070-O,トナミHD,大証1部,,,,,0,0
9072-T,日梱包,東証1部,1123.00,1136.00,1118.00,1130.00,123000,138561000
9073-J,京極運,JQ,,,,,0,0
9074-T,日石輸,東証1部,200.00,201.00,200.00,201.00,5000,1002000
9075-T,福山運,東証1部,493.00,502.00,493.00,500.00,365000,181526000
9075-O,福山運,大証1部,,,,,0,0
9076-T,セイノーHD,東証1部,827.00,829.00,817.00,829.00,609000,502741000
9081-T,神奈交,東証1部,529.00,529.00,525.00,525.00,10000,5265000
9082-T,大和自,東証2部,,,,,0,0
9083-O,神姫バス,大証2部,,,,,0,0
9085-S,中央バス,札証,268.00,268.00,267.00,267.00,3000,803000
9086-T,日立物,東証1部,1216.00,1223.00,1206.00,1219.00,127600,155148100
9087-J,タカセ,JQ,,,,,0,0
9101-T,郵船,東証1部,400.00,400.00,398.00,399.00,3825000,1526418000
9101-O,郵船,大証1部,,,,,0,0
9104-T,商船三井,東証1部,571.00,573.00,568.00,572.00,5216000,2978116000
9104-O,商船三井,大証1部,,,,,0,0
9104-F,商船三井,福証,,,,,0,0
9107-T,川崎船,東証1部,392.00,397.00,389.00,397.00,3143000,1235774000
9107-O,川崎船,大証1部,,,,,0,0
9107-F,川崎船,福証,,,,,0,0
9110-T,新和海,東証1部,263.00,264.00,261.00,263.00,540000,141625000
9110-O,新和海,大証1部,,,,,0,0
9110-F,新和海,福証,,,,,0,0
9113-T,乾汽船,東証1部,664.00,668.00,661.00,663.00,34900,23155000
9113-O,乾汽船,大証1部,,,,,0,0
9115-T,明治海,東証1部,500.00,500.00,495.00,495.00,6700,3329400
9115-O,明治海,大証1部,,,,,0,0
9119-T,飯野海,東証1部,496.00,498.00,493.00,497.00,130400,64635600
9119-O,飯野海,大証1部,,,,,0,0
9119-S,飯野海,札証,,,,,0,0
9119-F,飯野海,福証,,,,,0,0
9123-T,太平海,東証1部,97.00,98.00,97.00,97.00,33000,3202000
9127-O,玉井船,大証2部,153.00,154.00,153.00,154.00,12000,1837000
9130-T,共栄タ,東証1部,240.00,247.00,239.00,243.00,302000,73602000
9132-T,第一船,東証1部,258.00,259.00,255.00,259.00,600000,154378000
9132-O,第一船,大証1部,,,,,0,0
9133-J,東栄リファ,JQ,,,,,0,0
9152-T,関西船,東証2部,61.00,62.00,61.00,61.00,25000,1528400
9152-O,関西船,大証2部,66.00,66.00,66.00,66.00,200,13200
9171-T,栗林船,東証2部,193.00,193.00,193.00,193.00,1000,193000
9173-T,東海船,東証2部,158.00,160.00,158.00,160.00,2000,318000
9174-T,ワンダテブル,東証2部,,,,,0,0
9176-J,佐渡汽,JQ,,,,,0,0
9179-T,川崎近海,東証2部,265.00,265.00,261.00,265.00,11000,2889000
9180-J,新和内航,JQ,220.00,220.00,220.00,220.00,1000,220000
9193-T,東汽船,東証2部,,,,,0,0
9202-T,ANA,東証1部,283.00,285.00,283.00,284.00,4064000,1151891000
9202-O,ANA,大証1部,,,,,0,0
9204-T,スカイマーク,東証マザーズ,174.00,176.00,170.00,175.00,130900,22738600
9205-T,JAL,東証1部,170.00,170.00,169.00,170.00,2393000,406142000
9205-O,JAL,大証1部,,,,,0,0
9232-T,パスコ,東証1部,172.00,174.00,172.00,174.00,6000,1035000
9233-T,アジア航,東証2部,250.00,250.00,250.00,250.00,1000,250000
9234-T,国際航HD,東証1部,336.00,336.00,331.00,336.00,3000,1003000
9301-T,三菱倉,東証1部,1219.00,1223.00,1207.00,1215.00,301000,365835000
9301-O,三菱倉,大証1部,,,,,0,0
9302-T,三井倉,東証1部,361.00,361.00,356.00,358.00,314000,112648000
9302-O,三井倉,大証1部,,,,,0,0
9303-T,住友倉,東証1部,442.00,442.00,436.00,439.00,138000,60646000
9303-O,住友倉,大証1部,,,,,0,0
9304-T,渋沢倉,東証1部,350.00,351.00,348.00,350.00,24000,8395000
9305-T,ヤマタネ,東証1部,181.00,184.00,178.00,181.00,2959000,536201000
9306-T,東陽倉,東証1部,201.00,201.00,200.00,201.00,15000,3014000
9307-O,杉村倉,大証2部,185.00,185.00,185.00,185.00,6000,1110000
9308-T,イヌイ倉庫,東証2部,655.00,655.00,655.00,655.00,300,196500
9310-T,トランシィ,東証1部,317.00,317.00,314.00,315.00,37000,11687000
9311-T,アサガミ,東証2部,,,,,0,0
9312-T,ケイヒン,東証1部,122.00,132.00,122.00,132.00,396000,50715000
9313-T,丸八倉,東証2部,190.00,190.00,190.00,190.00,1000,190000
9314-J,品川倉,JQ,,,,,0,0
9317-O,オーナミ,大証2部,,,,,0,0
9318-T,J･ブリッジ,東証2部,30.00,30.00,30.00,30.00,41900,1257000
9319-O,中央倉,大証2部,850.00,850.00,850.00,850.00,1000,850000
9320-T,三和倉,東証2部,197.00,200.00,197.00,200.00,4000,797000
9322-O,川西倉庫,大証2部,,,,,0,0
9324-T,安田倉庫,東証1部,691.00,691.00,689.00,690.00,1900,1310700
9351-T,洋埠頭,東証1部,168.00,169.00,167.00,169.00,27000,4525000
9353-O,桜島埠,大証2部,,,,,0,0
9355-T,リンコー,東証2部,,,,,0,0
9358-T,宇徳,東証1部,287.00,287.00,285.00,286.00,13500,3860700
9360-T,鈴与シンワ,東証2部,,,,,0,0
9361-T,伏木運,東証2部,,,,,0,0
9362-O,兵機海,大証2部,,,,,0,0
9363-O,大運,大証2部,61.00,61.00,60.00,61.00,37000,2255000
9364-T,上組,東証1部,763.00,769.00,761.00,764.00,502000,383836000
9364-O,上組,大証1部,,,,,0,0
9365-O,トレーディア,大証2部,,,,,0,0
9366-T,サンリツ,東証1部,640.00,640.00,636.00,638.00,1300,829100
9367-J,大東港,JQ,,,,,0,0
9368-T,キムラユニティー,東証1部,799.00,800.00,780.00,798.00,4400,3493900
9369-T,キユソー流通,東証1部,930.00,934.00,930.00,932.00,2000,1862900
9370-T,郵船航空,東証1部,1327.00,1339.00,1322.00,1327.00,17000,22598200
9373-T,ニッコウトラベ,東証2部,206.00,206.00,205.00,205.00,3100,636400
9375-T,近鉄エクス,東証1部,2185.00,2190.00,2165.00,2185.00,130000,282631000
9376-J,ユーラシア,JQ,,,,,0,0
9377-J,エージーピー,JQ,,,,,0,0
9378-H,ワールドロジ,HCスタンダード,9900.00,10070.00,9900.00,10070.00,12,119070
9379-J,三洋ロジ,JQ,,,,,0,0
9380-T,東海運,東証1部,232.00,233.00,231.00,233.00,1800,416300
9381-T,AIT,東証マザーズ,138900.00,140000.00,138900.00,140000.00,4,556700
9382-T,バンテック,東証1部,108300.00,108700.00,108300.00,108600.00,38,4122100
9384-T,内外トランス,東証2部,1309.00,1310.00,1309.00,1310.00,2200,2881000
9385-H,ショーエイコーホ,HCグロース,206.00,208.00,203.00,205.00,11600,2364400
9399-T,新華FL,東証マザーズ外国,1641.00,1642.00,1610.00,1635.00,1854,3008603
9401-T,TBSHD,東証1部,1574.00,1599.00,1567.00,1599.00,122300,194076900
9404-T,日テレ,東証1部,11880.00,11880.00,11730.00,11860.00,36220,428418000
9405-O,朝日放,大証2部,6760.00,6770.00,6760.00,6770.00,50,338300
9407-F,RKB,福証,,,,,0,0
9408-J,新潟放,JQ,,,,,0,0
9409-T,テレビ朝日,東証1部,143400.00,144100.00,142300.00,143700.00,798,114278600
9411-T,テレビ東京,東証1部,2720.00,2725.00,2705.00,2715.00,4700,12759500
9412-T,スカパーJ,東証1部,36300.00,36500.00,36200.00,36500.00,2391,87008150
9421-J,ネプロ,JQ,41950.00,42000.00,41550.00,42000.00,6,251450
9422-T,ITCN,東証1部,191200.00,191800.00,188700.00,191000.00,73,13922800
9423-J,フォーバルRS,JQ,7200.00,7260.00,7150.00,7260.00,18,129360
9424-H,日本通信,HCグロース,16900.00,17010.00,16870.00,16890.00,4465,75533050
9425-J,日本テレホン,JQ,38000.00,40000.00,37600.00,38000.00,36,1395400
9427-T,イー･アクセス,東証1部,70200.00,71100.00,70000.00,70200.00,2803,197271100
9430-T,NECモバイリ,東証1部,2150.00,2175.00,2140.00,2175.00,36100,77797500
9432-T,NTT,東証1部,4030.00,4050.00,4010.00,4040.00,922200,3717036000
9432-O,NTT,大証1部,,,,,0,0
9432-S,NTT,札証,,,,,0,0
9432-F,NTT,福証,,,,,0,0
9433-T,KDDI,東証1部,529000.00,531000.00,527000.00,531000.00,4175,2210025000
9435-T,光通信,東証1部,2015.00,2030.00,2005.00,2030.00,118500,238432500
9436-J,沖縄セルラー,JQ,180900.00,182000.00,180000.00,182000.00,88,15959700
9437-T,NTTドコモ,東証1部,141800.00,142700.00,141500.00,142700.00,30519,4336286900
9438-J,エムティーアイ,JQ,221900.00,223800.00,218700.00,219500.00,252,55544400
9439-J,ビーアイジー,JQ,8700.00,9200.00,8280.00,8900.00,226,1971490
9441-J,ベルパーク,JQ,118900.00,118900.00,117300.00,118500.00,56,6652800
9444-H,トーシン,HCスタンダード,3930.00,3980.00,3890.00,3980.00,116,453840
9445-T,フォーバルTL,東証マザーズ,24200.00,24490.00,24200.00,24490.00,45,1098120
9446-J,エスケーアイ,JQ,77000.00,77000.00,77000.00,77000.00,2,154000
9448-T,インボイス,東証1部,1762.00,1780.00,1752.00,1780.00,33751,59588308
9449-T,GMO,東証1部,410.00,422.00,408.00,420.00,2047600,850654200
9470-T,学研,東証1部,227.00,227.00,215.00,220.00,7601000,1679888000
9474-T,ゼンリン,東証1部,1299.00,1314.00,1282.00,1311.00,81900,106671600
9474-F,ゼンリン,福証,,,,,0,0
9475-T,昭文社,東証1部,645.00,646.00,643.00,646.00,3800,2450400
9476-J,中央経済,JQ,,,,,0,0
9477-T,角川GHD,東証1部,2160.00,2180.00,2140.00,2180.00,13900,30010500
9478-J,SEH&I,JQ,15150.00,15150.00,15000.00,15150.00,91,1368720
9479-T,インプレス,東証1部,220.00,220.00,218.00,220.00,14400,3159000
9481-T,テレフォニカ,東証1部外国,,,,,0,0
9496-T,ドイツテレコム,東証1部外国,1241.00,1241.00,1230.00,1230.00,500,619400
9501-T,東電,東証1部,2395.00,2400.00,2380.00,2395.00,1062400,2540022500
9501-O,東電,大証1部,2395.00,2395.00,2395.00,2395.00,1000,2395000
9502-T,中部電,東証1部,2120.00,2135.00,2115.00,2135.00,935100,1985294500
9502-O,中部電,大証1部,,,,,0,0
9503-T,関西電,東証1部,2100.00,2110.00,2095.00,2110.00,602600,1266456000
9503-O,関西電,大証1部,,,,,0,0
9504-T,中国電,東証1部,1983.00,1995.00,1977.00,1995.00,180100,357841700
9504-O,中国電,大証1部,,,,,0,0
9505-T,北陸電,東証1部,2195.00,2210.00,2190.00,2205.00,183400,403341000
9505-O,北陸電,大証1部,,,,,0,0
9506-T,東北電,東証1部,1969.00,1977.00,1961.00,1977.00,390600,769309000
9506-O,東北電,大証1部,,,,,0,0
9507-T,四国電,東証1部,2805.00,2825.00,2800.00,2815.00,152100,427531500
9507-O,四国電,大証1部,,,,,0,0
9508-T,九州電,東証1部,2005.00,2015.00,2005.00,2010.00,232700,467579000
9508-O,九州電,大証1部,,,,,0,0
9508-F,九州電,福証,,,,,0,0
9509-T,北海電,東証1部,1883.00,1894.00,1876.00,1893.00,170100,320593700
9509-O,北海電,大証1部,,,,,0,0
9509-S,北海電,札証,,,,,0,0
9511-T,沖縄電,東証1部,5440.00,5480.00,5430.00,5480.00,16400,89390000
9511-F,沖縄電,福証,,,,,0,0
9513-T,Jパワー,東証1部,2755.00,2780.00,2750.00,2775.00,106500,294712500
9514-T,ファーストエスコ,東証マザーズ,14200.00,14800.00,14000.00,14250.00,377,5417080
9531-T,東ガス,東証1部,355.00,356.00,354.00,356.00,4307000,1530947000
9531-O,東ガス,大証1部,,,,,0,0
9532-T,大ガス,東証1部,313.00,315.00,313.00,315.00,1759000,552140000
9532-O,大ガス,大証1部,,,,,0,0
9533-T,邦ガス,東証1部,417.00,417.00,413.00,417.00,453000,188263000
9533-O,邦ガス,大証1部,,,,,0,0
9534-T,北ガス,東証1部,259.00,259.00,257.00,259.00,6000,1549000
9534-S,北ガス,札証,,,,,0,0
9535-T,広島ガス,東証2部,226.00,226.00,226.00,226.00,1000,226000
9536-T,西ガス,東証1部,251.00,252.00,250.00,251.00,77000,19345000
9536-O,西ガス,大証1部,,,,,0,0
9536-F,西ガス,福証,,,,,0,0
9537-T,北陸ガス,東証2部,,,,,0,0
9539-T,葉ガス,東証2部,449.00,449.00,449.00,449.00,1000,449000
9541-T,大多喜ガ,東証2部,,,,,0,0
9542-T,新日ガス,東証2部,267.00,267.00,267.00,267.00,1900,507300
9543-T,静ガス,東証1部,694.00,697.00,689.00,692.00,92500,64167500
9544-T,東日ガス,東証2部,344.00,344.00,344.00,344.00,1000,344000
9600-T,アイネット,東証1部,515.00,515.00,511.00,515.00,2700,1384400
9601-T,松竹,東証1部,809.00,819.00,806.00,819.00,116000,94221000
9601-O,松竹,大証1部,,,,,0,0
9601-S,松竹,札証,,,,,0,0
9601-F,松竹,福証,,,,,0,0
9602-T,東宝,東証1部,1569.00,1582.00,1561.00,1578.00,232300,365812100
9602-O,東宝,大証1部,,,,,0,0
9602-F,東宝,福証,,,,,0,0
9603-T,エイチ･アイエス,東証1部,1989.00,2030.00,1986.00,2010.00,80700,161266500
9604-J,際放映,JQ,119.00,119.00,119.00,119.00,1000,119000
9605-T,東映,東証1部,522.00,525.00,522.00,525.00,64000,33532000
9605-O,東映,大証1部,,,,,0,0
9607-T,葵プロ,東証1部,547.00,547.00,547.00,547.00,500,273500
9608-J,福山コンサル,JQ,280.00,280.00,280.00,280.00,1000,280000
9609-T,ベンチャーリン,東証1部,19.00,20.00,19.00,19.00,36900,708600
9610-J,ウィルソンWLW,JQ,,,,,0,0
9611-J,Dワンダー,JQ,54.00,55.00,54.00,54.00,9300,508200
9612-T,ラックランド,東証2部,265.00,275.00,265.00,275.00,1000,272400
9613-T,NTTデータ,東証1部,313000.00,313000.00,309000.00,310000.00,3848,1196713000
9615-T,東京美装,東証2部,640.00,640.00,640.00,640.00,1000,640000
9616-T,共立メンテ,東証1部,1529.00,1535.00,1529.00,1532.00,12500,19130700
9619-T,イチネンHD,東証1部,432.00,433.00,430.00,433.00,6700,2885700
9619-O,イチネンHD,大証1部,,,,,0,0
9621-T,建設技研,東証1部,567.00,569.00,565.00,569.00,2200,1247700
9622-T,スペース,東証2部,634.00,635.00,634.00,635.00,700,444200
9623-T,キヤノンソフト,東証2部,,,,,0,0
9624-T,長大,東証2部,,,,,0,0
9625-J,セレスポ,JQ,,,,,0,0
9627-T,アインファーマシ,東証2部,2690.00,2740.00,2670.00,2740.00,137400,371098000
9628-T,燦HD,東証1部,,,,,0,0
9628-O,燦HD,大証1部,1745.00,1758.00,1740.00,1758.00,1700,2974100
9629-T,ピーシーエー,東証2部,951.00,951.00,951.00,951.00,500,475500
9630-T,アップ,東証2部,568.00,587.00,568.00,587.00,1700,971400
9631-T,東急レク,東証2部,534.00,534.00,531.00,531.00,2000,1065000
9632-T,スバル興,東証1部,281.00,282.00,281.00,282.00,12000,3378000
9632-O,スバル興,大証1部,,,,,0,0
9633-T,テアトル,東証1部,180.00,181.00,179.00,180.00,80000,14437000
9635-T,武蔵野,東証2部,201.00,201.00,200.00,200.00,4000,802000
9636-O,きんえい,大証2部,285.00,285.00,285.00,285.00,2000,570000
9637-O,OS映,大証2部,503.00,503.00,503.00,503.00,1000,503000
9638-J,情報技,JQ,,,,,0,0
9639-J,三協フロン,JQ,267.00,267.00,267.00,267.00,5000,1335000
9640-J,セゾン情,JQ,629.00,639.00,629.00,632.00,3000,1901100
9641-J,サコス,JQ,106.00,106.00,105.00,105.00,1100,115600
9644-J,タナベ経,JQ,529.00,529.00,525.00,529.00,5100,2692000
9647-J,協和コンサ,JQ,142.00,143.00,142.00,143.00,2000,285000
9648-O,ウエスコ,大証2部,124.00,125.00,124.00,125.00,3700,459400
9651-J,日プロセス,JQ,790.00,795.00,785.00,795.00,700,553000
9652-T,日医療,東証2部,521.00,528.00,521.00,527.00,11300,5916300
9656-O,グリンランド,大証2部,333.00,333.00,333.00,333.00,100,33300
9656-F,グリンランド,福証,,,,,0,0
9657-J,コムテック,JQ,,,,,0,0
9658-J,太田昭,JQ,480.00,480.00,480.00,480.00,200,96000
9661-T,歌舞伎,東証2部,3780.00,3780.00,3780.00,3780.00,1000,3780000
9663-J,ナガワ,JQ,595.00,623.00,592.00,623.00,5100,3038700
9665-T,吉本興,東証1部,1081.00,1094.00,1081.00,1094.00,600,652500
9665-O,吉本興,大証1部,1080.00,1097.00,1075.00,1090.00,19000,20635900
9667-T,ホリプロ,東証1部,846.00,846.00,840.00,842.00,2500,2106500
9671-T,よみラント,東証1部,306.00,307.00,305.00,306.00,16000,4892000
9672-T,都競馬,東証1部,151.00,152.00,151.00,151.00,94000,14236000
9674-T,花月園,東証2部,93.00,95.00,90.00,95.00,78000,7220000
9675-T,常磐興,東証1部,152.00,154.00,152.00,153.00,67000,10269000
9678-T,カナモト,東証1部,470.00,473.00,470.00,473.00,13000,6129000
9678-S,カナモト,札証,,,,,0,0
9679-J,ホウライ,JQ,,,,,0,0
9680-T,共成レンテ,東証2部,,,,,0,0
9681-T,ドーム,東証1部,291.00,291.00,288.00,290.00,291000,84320000
9681-O,ドーム,大証1部,,,,,0,0
9682-T,DTS,東証1部,861.00,865.00,847.00,852.00,55900,47717500
9684-T,スクエニHD,東証1部,2340.00,2365.00,2330.00,2350.00,519300,1219133000
9685-J,共同HD,JQ,,,,,0,0
9686-O,東洋テック,大証2部,849.00,852.00,849.00,852.00,300,255000
9687-J,KSK,JQ,550.00,550.00,550.00,550.00,600,330000
9691-J,両毛シス,JQ,517.00,521.00,517.00,521.00,200,103800
9692-T,シーイーシー,東証1部,666.00,671.00,654.00,664.00,23000,15228900
9694-T,日立ソフト,東証1部,2640.00,2645.00,2640.00,2640.00,48800,128851500
9695-J,鴨川ホテル,JQ,,,,,0,0
9696-J,ウィザス,JQ,245.00,245.00,240.00,240.00,600,146200
9697-T,カプコン,東証1部,1818.00,1823.00,1813.00,1815.00,311300,566172200
9697-O,カプコン,大証1部,,,,,0,0
9698-J,クレオ,JQ,,,,,0,0
9699-O,西尾レント,大証1部,829.00,837.00,818.00,837.00,67900,56286200
9701-T,東会舘,東証2部,,,,,0,0
9702-T,アイエスビー,東証2部,636.00,641.00,630.00,641.00,300,190700
9704-T,東海観,東証1部,34.00,35.00,34.00,34.00,33000,1123000
9706-T,空港ビル,東証1部,1102.00,1108.00,1100.00,1108.00,56500,62290200
9707-J,メデカJ,JQ,67.00,69.00,67.00,69.00,102000,6876000
9708-T,帝国ホテル,東証2部,1872.00,1882.00,1870.00,1882.00,900,1688450
9709-O,日コンピュ,大証2部,235.00,235.00,235.00,235.00,100,23500
9713-O,ロイヤルホテル,大証2部,196.00,197.00,195.00,197.00,6000,1174000
9715-T,トランスコスモ,東証1部,1058.00,1064.00,1045.00,1050.00,146600,154374000
9716-T,乃村工,東証1部,261.00,261.00,258.00,260.00,16000,4148000
9717-T,ジャステック,東証1部,536.00,540.00,531.00,535.00,18700,10021800
9719-T,住商情,東証1部,1525.00,1542.00,1524.00,1533.00,41700,63950300
9720-J,グランド,JQ,,,,,0,0
9722-T,藤田観,東証1部,386.00,386.00,384.00,384.00,23000,8858000
9722-O,藤田観,大証1部,,,,,0,0
9723-O,京都ホテル,大証2部,,,,,0,0
9726-T,KNT,東証1部,100.00,100.00,99.00,99.00,78000,7728000
9726-O,KNT,大証1部,,,,,0,0
9728-T,日管財,東証1部,1477.00,1480.00,1465.00,1479.00,12200,17987000
9728-O,日管財,大証1部,,,,,0,0
9730-J,ワオ･コーポ,JQ,267.00,271.00,263.00,271.00,2300,610700
9731-T,白洋舎,東証1部,255.00,255.00,255.00,255.00,2000,510000
9733-J,ナガセ,JQ,,,,,0,0
9734-J,精養軒,JQ,,,,,0,0
9735-T,セコム,東証1部,4070.00,4080.00,4050.00,4050.00,178000,722605000
9735-O,セコム,大証1部,,,,,0,0
9736-J,白青舎,JQ,,,,,0,0
9737-T,CSKHD,東証1部,410.00,411.00,406.00,410.00,886200,362620900
9739-T,NSW,東証1部,332.00,340.00,326.00,340.00,8600,2844400
9740-T,CSP,東証1部,931.00,945.00,929.00,934.00,2700,2528500
9741-T,日立情,東証1部,2890.00,2895.00,2890.00,2890.00,53200,153783500
9742-T,アイネス,東証1部,808.00,819.00,806.00,814.00,114500,93055200
9743-T,丹青社,東証1部,270.00,270.00,269.00,270.00,7000,1888000
9744-T,メイテック,東証1部,1875.00,1884.00,1871.00,1880.00,39200,73575500
9746-T,TKC,東証1部,1801.00,1810.00,1793.00,1810.00,13300,23959800
9747-T,アサツーDK,東証1部,2010.00,2030.00,2005.00,2020.00,62700,126541000
9748-T,エヌジェーケ,東証2部,299.00,299.00,299.00,299.00,1000,299000
9749-T,富士ソフト,東証1部,1765.00,1771.00,1752.00,1771.00,92200,162552600
9750-T,ソラン,東証1部,522.00,524.00,511.00,518.00,41900,21778400
9753-J,IXナレッジ,JQ,,,,,0,0
9755-T,応用地,東証1部,941.00,956.00,938.00,949.00,19600,18546600
9756-J,ASK,JQ,129.00,129.00,129.00,129.00,1000,129000
9757-T,船総研,東証1部,495.00,498.00,495.00,498.00,200,99300
9757-O,船総研,大証1部,496.00,497.00,495.00,497.00,5200,2578100
9758-J,ジシステム,JQ,164.00,165.00,164.00,165.00,2000,329000
9759-T,日システム,東証1部,973.00,975.00,965.00,975.00,85100,82710400
9760-T,進学会,東証1部,361.00,366.00,360.00,366.00,84300,30592500
9761-T,東海リース,東証2部,154.00,155.00,153.00,155.00,24000,3693000
9761-O,東海リース,大証2部,,,,,0,0
9763-T,丸紅リース,東証1部,141.00,141.00,139.00,139.00,4000,560000
9764-T,技研興,東証2部,93.00,93.00,92.00,93.00,5000,464000
9765-T,オオバ,東証2部,92.00,92.00,91.00,91.00,5000,456000
9766-T,コナミ,東証1部,1843.00,1846.00,1824.00,1829.00,452800,829108000
9767-T,日建工,東証2部,92.00,92.00,90.00,92.00,29000,2640000
9768-J,いであ,JQ,395.00,395.00,395.00,395.00,600,237000
9769-J,学究社,JQ,610.00,619.00,610.00,619.00,1900,1166000
9776-J,札臨,JQ,,,,,0,0
9778-J,昴,JQ,,,,,0,0
9780-J,ビステム,JQ,,,,,0,0
9782-J,ディーエムエス,JQ,398.00,398.00,398.00,398.00,100,39800
9783-T,ベネッセ,東証1部,4370.00,4370.00,4340.00,4360.00,3500,15241000
9783-O,ベネッセ,大証1部,4360.00,4380.00,4330.00,4370.00,79000,343714000
9787-T,イオンディライ,東証1部,1369.00,1372.00,1363.00,1371.00,30100,41185200
9787-O,イオンディライ,大証1部,,,,,0,0
9788-T,ナック,東証1部,910.00,915.00,909.00,912.00,2700,2457800
9789-T,栄光,東証2部,418.00,421.00,417.00,417.00,54700,22954600
9790-T,福井コン,東証1部,318.00,323.00,317.00,323.00,4800,1537800
9791-T,ビケンテクノ,東証2部,435.00,447.00,435.00,447.00,8000,3517200
9791-O,ビケンテクノ,大証2部,,,,,0,0
9792-T,ニチイ学館,東証1部,1040.00,1042.00,1025.00,1040.00,216700,224376300
9793-T,ダイセキ,東証1部,2060.00,2080.00,2050.00,2075.00,92900,192049500
9794-J,カラカミ観光,JQ,,,,,0,0
9795-J,ステップ,JQ,528.00,531.00,527.00,527.00,12000,6346000
9797-T,大日本コン,東証2部,263.00,263.00,263.00,263.00,200,52600
9799-T,旭情報,東証2部,,,,,0,0
9810-T,日鉄商,東証2部,165.00,166.00,165.00,165.00,15000,2484000
9812-J,テーオー,JQ,,,,,0,0
9813-J,トッキ,JQ,466.00,468.00,460.00,468.00,6200,2888100
9814-T,アシックス商,東証2部,1101.00,1101.00,1101.00,1101.00,100,110100
9814-O,アシックス商,大証2部,,,,,0,0
9815-T,カテナ,東証2部,237.00,239.00,236.00,239.00,3800,901900
9816-J,バーテックス,JQ,28.00,28.00,27.00,27.00,60000,1652000
9817-J,ゴトー,JQ,,,,,0,0
9818-T,大丸エナ,東証2部,,,,,0,0
9818-O,大丸エナ,大証2部,,,,,0,0
9819-F,大栄,福証,,,,,0,0
9820-J,MTジェネック,JQ,131.00,131.00,131.00,131.00,2000,262000
9822-J,クロニクル,JQ,4.00,4.00,3.00,4.00,173000,624000
9823-J,マミーマート,JQ,1250.00,1250.00,1250.00,1250.00,200,250000
9824-T,泉州電,東証2部,1050.00,1050.00,1030.00,1030.00,2400,2518000
9824-O,泉州電,大証2部,,,,,0,0
9826-O,JEUGIA,大証2部,,,,,0,0
9827-J,リリカラ,JQ,107.00,107.00,107.00,107.00,2000,214000
9828-T,元気寿司,東証1部,1215.00,1218.00,1213.00,1218.00,2600,3159600
9829-J,ナガノ東,JQ,,,,,0,0
9830-T,Tナカヤマ,東証1部,1567.00,1593.00,1560.00,1590.00,55700,88079400
9830-O,Tナカヤマ,大証1部,,,,,0,0
9831-T,ヤマダ電,東証1部,6340.00,6370.00,6280.00,6370.00,343630,2175602500
9832-T,オートバクス,東証1部,3390.00,3410.00,3390.00,3410.00,400,1361000
9832-O,オートバクス,大証1部,3400.00,3430.00,3390.00,3430.00,42800,145497000
9833-O,エルクコーポ,大証2部,435.00,435.00,435.00,435.00,100,43500
9835-T,ジュンテント,東証2部,,,,,0,0
9836-J,リーバイス,JQ,,,,,0,0
9837-O,モリト,大証2部,,,,,0,0
9838-J,トラベラー,JQ,,,,,0,0
9842-T,アークランド,東証1部,1036.00,1060.00,1036.00,1054.00,7300,7627000
9843-T,ニトリ,東証1部,7000.00,7050.00,6990.00,7010.00,109700,769174500
9843-S,ニトリ,札証,,,,,0,0
9844-T,ユーエスシー,東証1部,1120.00,1136.00,1110.00,1133.00,2600,2910500
9845-T,パーカー,東証2部,176.00,176.00,176.00,176.00,2000,352000
9846-T,天満屋ス,東証2部,797.00,798.00,790.00,790.00,3100,2458500
9846-O,天満屋ス,大証2部,788.00,788.00,788.00,788.00,100,78800
9849-J,共同紙,JQ,,,,,0,0
9850-T,グルメ杵屋,東証1部,660.00,660.00,660.00,660.00,2000,1320000
9850-O,グルメ杵屋,大証1部,,,,,0,0
9852-J,中央物,JQ,313.00,313.00,313.00,313.00,3000,939000
9853-J,ルノアール,JQ,394.00,394.00,392.00,392.00,3000,1179000
9854-T,愛眼,東証1部,568.00,572.00,565.00,571.00,4800,2725400
9854-O,愛眼,大証1部,,,,,0,0
9855-T,クロガネヤ,東証2部,,,,,0,0
9856-T,ケーユーHD,東証2部,365.00,385.00,365.00,367.00,18100,6802200
9857-O,英和,大証2部,262.00,265.00,262.00,265.00,4500,1185000
9861-T,吉野家HD,東証1部,113400.00,113600.00,113200.00,113600.00,816,92504900
9865-T,日商エレク,東証1部,978.00,979.00,976.00,976.00,600,586400
9866-F,マルキョウ,福証,,,,,0,0
9867-J,ソレキア,JQ,,,,,0,0
9869-T,加藤産業,東証1部,1572.00,1585.00,1554.00,1577.00,29100,45740800
9869-O,加藤産業,大証1部,,,,,0,0
9870-O,ハナテン,大証2部,105.00,105.00,104.00,104.00,3600,377700
9872-O,北恵,大証2部,254.00,254.00,254.00,254.00,1000,254000
9873-T,ケンタッキー,東証2部,,,,,0,0
9874-F,丸和,福証,,,,,0,0
9876-J,コックス,JQ,,,,,0,0
9878-T,セキド,東証2部,137.00,138.00,135.00,137.00,24000,3267000
9880-T,イノテック,東証2部,474.00,476.00,466.00,474.00,35300,16625700
9882-T,イエローハット,東証1部,860.00,877.00,859.00,870.00,77200,66951600
9883-T,富士エレク,東証1部,837.00,843.00,837.00,837.00,8100,6797000
9884-T,都築電サ,東証2部,272.00,278.00,270.00,276.00,1300,355000
9885-O,シャルレ,大証2部,332.00,332.00,330.00,331.00,3800,1256300
9887-T,松屋フース,東証1部,1300.00,1302.00,1300.00,1300.00,2700,3512200
9888-J,UEX,JQ,343.00,343.00,343.00,343.00,2000,686000
9889-T,JBCCHD,東証1部,713.00,715.00,707.00,715.00,17500,12430100
9890-J,マキヤ,JQ,880.00,880.00,830.00,880.00,5300,4599200
9892-J,卑弥呼,JQ,,,,,0,0
9895-J,コンセック,JQ,,,,,0,0
9896-T,JKHD,東証1部,430.00,432.00,428.00,432.00,6200,2663400
9897-T,ユニダックス,東証1部,403.00,403.00,403.00,403.00,3000,1209000
9898-J,サハダイヤ,JQ,9.00,9.00,8.00,9.00,18100,156400
9899-T,サンデーサン,東証2部,609.00,612.00,590.00,612.00,5100,3082000
9900-T,サガミチェン,東証1部,828.00,829.00,828.00,829.00,18000,14918000
9902-T,日伝,東証1部,2700.00,2710.00,2670.00,2700.00,2600,7009500
9903-J,カンセキ,JQ,,,,,0,0
9904-T,ベリテ,東証2部,80.00,85.00,75.00,78.00,45000,3542000
9905-J,コージツ,JQ,,,,,0,0
9906-J,藤井産,JQ,,,,,0,0
9907-J,大電社,JQ,,,,,0,0
9908-J,日電計,JQ,443.00,443.00,443.00,443.00,100,44300
9909-J,愛光電,JQ,290.00,290.00,290.00,290.00,1000,290000
9913-J,日邦産,JQ,405.00,409.00,405.00,409.00,300,122200
9914-J,植松商,JQ,,,,,0,0
9919-T,関西スパ,東証2部,,,,,0,0
9919-O,関西スパ,大証2部,,,,,0,0
9922-T,日立材,東証2部,381.00,381.00,380.00,380.00,1000,380500
9927-J,ワットマン,JQ,122.00,122.00,120.00,120.00,25000,3011000
9928-T,ミロク情報,東証2部,208.00,208.00,208.00,208.00,7000,1456000
9929-O,平和紙,大証2部,,,,,0,0
9930-T,北沢産,東証1部,229.00,229.00,228.00,228.00,1500,342500
9931-J,家族亭,JQ,,,,,0,0
9932-T,杉本商,東証1部,970.00,979.00,968.00,979.00,7000,6806800
9932-O,杉本商,大証1部,,,,,0,0
9934-T,因幡電産,東証1部,2170.00,2170.00,2140.00,2140.00,42300,91072500
9934-O,因幡電産,大証1部,,,,,0,0
9936-O,王将フード,大証1部,2720.00,2750.00,2710.00,2750.00,41400,112930000
9937-T,セシール,東証1部,174.00,175.00,174.00,174.00,12500,2181800
9938-T,住金物,東証1部,213.00,213.00,213.00,213.00,1000,213000
9938-O,住金物,大証1部,214.00,215.00,212.00,214.00,78000,16658000
9939-J,すみや,JQ,106.00,107.00,104.00,105.00,61000,6412000
9941-J,太洋物,JQ,,,,,0,0
9942-F,ジョイフル,福証,586.00,587.00,586.00,586.00,1200,703700
9943-J,ココス,JQ,2105.00,2115.00,2100.00,2110.00,3900,8214000
9945-T,プレナス,東証1部,1378.00,1387.00,1376.00,1383.00,27500,37991000
9946-T,ミニストップ,東証1部,1515.00,1527.00,1511.00,1527.00,24700,37511800
9947-T,イマージュ,東証1部,223.00,224.00,223.00,224.00,31400,7018500
9947-O,イマージュ,大証1部,,,,,0,0
9948-T,アークス,東証1部,1386.00,1410.00,1385.00,1404.00,16200,22595100
9949-O,タイヨー,大証2部,,,,,0,0
9949-F,タイヨー,福証,,,,,0,0
9950-J,ハチバン,JQ,334.00,335.00,331.00,335.00,9000,3001000
9955-J,ヨンキュウ,JQ,360.00,361.00,360.00,361.00,7500,2700100
9956-T,バロー,東証1部,847.00,851.00,841.00,846.00,19400,16436400
9957-T,バイテック,東証2部,500.00,502.00,500.00,502.00,300,150400
9959-T,アシードHD,東証2部,,,,,0,0
9960-J,東テク,JQ,,,,,0,0
9961-T,エムオーテック,東証2部,261.00,261.00,260.00,260.00,4000,1042000
9962-T,ミスミG,東証1部,1662.00,1675.00,1643.00,1671.00,110200,183206500
9963-T,江守商事,東証1部,738.00,738.00,731.00,736.00,2100,1541900
9964-J,アイ･テック,JQ,,,,,0,0
9966-T,藤久,東証2部,1591.00,1591.00,1591.00,1591.00,100,159100
9967-O,堺商事,大証2部,,,,,0,0
9969-T,ショクブン,東証2部,,,,,0,0
9972-T,アルテック,東証1部,210.00,211.00,208.00,211.00,16500,3457500
9973-J,小僧本部,JQ,206.00,207.00,206.00,207.00,1000,206500
9974-T,ベルク,東証1部,848.00,864.00,841.00,859.00,20100,17140200
9975-T,マルヤ,東証2部,106.00,106.00,106.00,106.00,2400,254400
9976-J,セキチュー,JQ,,,,,0,0
9977-J,アオキスーパー,JQ,,,,,0,0
9978-J,文教堂HD,JQ,342.00,343.00,341.00,341.00,600,205000
9979-T,大庄,東証1部,1282.00,1299.00,1277.00,1299.00,8100,10399900
9980-O,マルコ,大証2部,133.00,134.00,133.00,134.00,2200,293100
9982-T,タキヒヨー,東証1部,505.00,505.00,499.00,500.00,46000,23059000
9983-T,ファーストリテイ,東証1部,11340.00,11340.00,11210.00,11230.00,327200,3688060000
9984-T,ソフトバンク,東証1部,2090.00,2100.00,2075.00,2085.00,3785200,7900854500
9986-T,蔵王産業,東証2部,679.00,680.00,679.00,679.00,600,407800
9987-T,スズケン,東証1部,2985.00,3030.00,2980.00,3030.00,94300,283383500
9987-S,スズケン,札証,,,,,0,0
9989-T,サンドラッグ,東証1部,2360.00,2435.00,2335.00,2350.00,301900,717516000
9990-T,東京デリカ,東証2部,352.00,354.00,352.00,352.00,5900,2078700
9991-T,ジェコス,東証1部,433.00,433.00,430.00,433.00,12700,5475200
9992-J,理研グリン,JQ,,,,,0,0
9993-T,ヤマザワ,東証1部,1331.00,1347.00,1331.00,1346.00,500,671700
9994-T,やまや,東証1部,817.00,838.00,817.00,832.00,3600,2980100
9995-J,イーストン,JQ,248.00,248.00,248.00,248.00,1000,248000
9996-J,サトー商会,JQ,,,,,0,0
9997-T,ベルーナ,東証1部,411.00,416.00,409.00,414.00,121000,49849600
